1:	0.1219 0.0021 0.0030 0.0089 0.0255 0.0003 0.1525 0.0003 0.3534 0.0287 0.0048 0.0521 0.0061 0.0017 0.0287 0.1729 0.0372 	30
2:	0.0532 0.0000 0.0004 0.0676 0.0022 0.0012 0.2054 0.0004 0.1216 0.0610 0.0000 0.1431 0.0013 0.0011 0.0229 0.2971 0.0215 	30
3:	0.0072 0.0000 0.0003 0.1952 0.0125 0.0000 0.1299 0.0000 0.0007 0.0340 0.0000 0.0837 0.0001 0.0000 0.1262 0.3610 0.0491 	30
4:	0.0146 0.0005 0.0038 0.1984 0.0129 0.0000 0.1176 0.0018 0.0326 0.2285 0.0009 0.0764 0.0021 0.0036 0.1871 0.0798 0.0394 	22
5:	0.0115 0.0000 0.0016 0.4185 0.0003 0.0000 0.1829 0.0002 0.0192 0.0335 0.0000 0.0529 0.0008 0.0016 0.0794 0.1195 0.0781 	30
6:	0.0096 0.0008 0.0003 0.0692 0.0118 0.0006 0.1602 0.0002 0.4154 0.1383 0.0057 0.0422 0.0058 0.0137 0.0545 0.0572 0.0143 	30
7:	0.0341 0.0001 0.0034 0.3791 0.0029 0.0007 0.0777 0.0006 0.0926 0.1098 0.0006 0.0029 0.0039 0.0044 0.0620 0.1091 0.1162 	30
8:	0.0213 0.0000 0.0004 0.1499 0.0005 0.0009 0.2244 0.0007 0.0113 0.0015 0.0000 0.0617 0.0006 0.0014 0.1874 0.2542 0.0840 	30
9:	0.0000 0.0042 0.4380 0.0000 0.0023 0.4811 0.0046 0.0065 0.0000 0.0000 0.0184 0.0060 0.0136 0.0052 0.0000 0.0000 0.0200 	28
10:	0.0012 0.0031 0.0532 0.0036 0.0056 0.8156 0.0053 0.0180 0.0048 0.0010 0.0166 0.0019 0.0317 0.0089 0.0065 0.0000 0.0229 	27
11:	0.0000 0.0165 0.0576 0.0000 0.0005 0.1267 0.0000 0.0072 0.0000 0.0000 0.0804 0.0000 0.6972 0.0104 0.0000 0.0000 0.0036 	25
12:	0.0000 0.7164 0.0012 0.0001 0.0000 0.0027 0.0000 0.0100 0.0000 0.0000 0.0103 0.0000 0.1229 0.1355 0.0004 0.0000 0.0005 	28
13:	0.0000 0.0119 0.0194 0.0000 0.0000 0.0110 0.0000 0.0262 0.0004 0.0000 0.8516 0.0000 0.0621 0.0159 0.0000 0.0000 0.0016 	24
14:	0.0000 0.0181 0.3999 0.0000 0.0004 0.2413 0.0000 0.0167 0.0000 0.0000 0.1229 0.0000 0.1841 0.0141 0.0005 0.0000 0.0019 	27
15:	0.0000 0.0058 0.0054 0.0000 0.0000 0.0106 0.0030 0.6331 0.0000 0.0000 0.0236 0.0000 0.0000 0.3162 0.0001 0.0000 0.0022 	29
16:	0.4106 0.0000 0.0036 0.0214 0.0000 0.0000 0.1758 0.0001 0.0126 0.0342 0.0000 0.0766 0.0042 0.0052 0.0262 0.2167 0.0129 	30
17:	0.3248 0.0022 0.0033 0.0300 0.0057 0.0011 0.1470 0.0000 0.0810 0.0832 0.0023 0.0544 0.0150 0.0049 0.0123 0.1683 0.0646 	30
18:	0.0184 0.0000 0.0021 0.0312 0.5033 0.0000 0.0241 0.0000 0.0000 0.1079 0.0000 0.1279 0.0000 0.0000 0.0069 0.0484 0.1298 	29
19:	0.2969 0.0006 0.0037 0.0203 0.0154 0.0000 0.2838 0.0001 0.0094 0.0338 0.0000 0.1193 0.0006 0.0029 0.0429 0.1535 0.0168 	30
