1:	0.2347 0.0936 0.0547 0.0861 0.1787 0.0000 0.0591 0.0004 0.0002 0.1094 0.0781 0.0261 0.0789 	55
2:	0.2152 0.0648 0.2005 0.0931 0.0443 0.0002 0.1063 0.0000 0.0000 0.1295 0.0717 0.0183 0.0561 	45
3:	0.1229 0.1000 0.1514 0.1470 0.0461 0.0001 0.1088 0.0002 0.0037 0.1356 0.1042 0.0313 0.0486 	60
4:	0.1354 0.1034 0.1543 0.1525 0.0000 0.0000 0.1085 0.0000 0.0006 0.1458 0.1018 0.0297 0.0681 	59
5:	0.0000 0.0000 0.0007 0.0000 0.0061 0.3593 0.0000 0.4852 0.0047 0.0000 0.0000 0.1441 0.0000 	30
6:	0.0000 0.0000 0.0005 0.0000 0.0116 0.3856 0.0000 0.4359 0.0033 0.0000 0.0000 0.1630 0.0000 	27
7:	0.0000 0.0000 0.0005 0.0000 0.0040 0.4138 0.0000 0.4508 0.0016 0.0002 0.0000 0.1291 0.0001 	30
8:	0.0000 0.0000 0.0004 0.0000 0.0054 0.3753 0.0000 0.4800 0.0031 0.0000 0.0000 0.1357 0.0000 	28
9:	0.0000 0.0001 0.0005 0.0000 0.0080 0.3759 0.0000 0.4952 0.0026 0.0001 0.0000 0.1176 0.0001 	30
10:	0.0000 0.0000 0.0008 0.0000 0.0069 0.3912 0.0000 0.4774 0.0026 0.0000 0.0000 0.1212 0.0000 	28
11:	0.0029 0.0002 0.0004 0.0000 0.0077 0.5139 0.0000 0.3502 0.0039 0.0000 0.0002 0.1204 0.0001 	30
12:	0.7164 0.0078 0.0001 0.0083 0.1579 0.0026 0.0074 0.0029 0.0724 0.0051 0.0089 0.0023 0.0077 	30
13:	0.6897 0.0303 0.0012 0.0349 0.1216 0.0025 0.0141 0.0011 0.0089 0.0460 0.0374 0.0012 0.0112 	30
14:	0.9559 0.0060 0.0000 0.0144 0.0000 0.0000 0.0123 0.0000 0.0000 0.0065 0.0049 0.0000 0.0000 	2
15:	0.7731 0.0105 0.0010 0.0060 0.1656 0.0002 0.0076 0.0003 0.0019 0.0066 0.0120 0.0046 0.0105 	30
16:	0.6822 0.0186 0.0338 0.0117 0.0871 0.0019 0.0137 0.0008 0.1101 0.0207 0.0129 0.0015 0.0047 	30
