1:	0.0517 0.1866 0.0458 0.2000 0.1689 0.0014 0.0000 0.0000 0.0004 0.0976 0.0006 0.0008 0.0006 0.0002 0.1851 0.0000 0.0508 0.0095 	55
2:	0.0675 0.2784 0.1453 0.1641 0.0433 0.0000 0.0000 0.0000 0.0000 0.1008 0.0007 0.0000 0.0000 0.0000 0.1405 0.0004 0.0029 0.0562 	45
3:	0.0540 0.3219 0.0971 0.0811 0.0445 0.0000 0.0003 0.0006 0.0040 0.1505 0.0000 0.0000 0.0010 0.0001 0.1868 0.0001 0.0028 0.0551 	60
4:	0.0347 0.3124 0.1293 0.1136 0.0000 0.0000 0.0000 0.0000 0.0007 0.1727 0.0000 0.0000 0.0000 0.0000 0.2003 0.0002 0.0105 0.0256 	59
5:	0.0000 0.0000 0.0000 0.0000 0.0008 0.1049 0.1263 0.0921 0.0002 0.0000 0.1334 0.1228 0.1375 0.1253 0.0000 0.1312 0.0000 0.0253 	30
6:	0.0000 0.0000 0.0000 0.0000 0.0025 0.1387 0.0784 0.0845 0.0007 0.0000 0.0911 0.1403 0.1547 0.1180 0.0000 0.0981 0.0000 0.0930 	27
7:	0.0000 0.0000 0.0000 0.0000 0.0000 0.1518 0.0654 0.1020 0.0003 0.0000 0.2295 0.1181 0.1211 0.1262 0.0000 0.0548 0.0000 0.0307 	30
8:	0.0000 0.0000 0.0000 0.0000 0.0000 0.0952 0.1141 0.1405 0.0004 0.0000 0.1150 0.1394 0.1092 0.0846 0.0000 0.1311 0.0000 0.0705 	28
9:	0.0000 0.0000 0.0000 0.0000 0.0005 0.1741 0.0551 0.1561 0.0007 0.0000 0.1258 0.0756 0.1734 0.1041 0.0000 0.0975 0.0000 0.0371 	30
10:	0.0000 0.0000 0.0000 0.0000 0.0004 0.0963 0.0765 0.1415 0.0008 0.0000 0.1402 0.0870 0.2407 0.0746 0.0000 0.1104 0.0000 0.0317 	28
11:	0.0000 0.0000 0.0000 0.0000 0.0009 0.1051 0.1709 0.1532 0.0006 0.0000 0.0849 0.1295 0.1014 0.1143 0.0000 0.1245 0.0000 0.0145 	30
12:	0.4384 0.0033 0.0003 0.3152 0.1561 0.0020 0.0015 0.0000 0.0715 0.0030 0.0022 0.0001 0.0008 0.0010 0.0029 0.0000 0.0016 0.0001 	30
13:	0.3954 0.0608 0.0016 0.3330 0.1192 0.0000 0.0001 0.0025 0.0087 0.0644 0.0000 0.0000 0.0000 0.0011 0.0101 0.0021 0.0007 0.0001 	30
14:	0.8865 0.0000 0.0000 0.1135 0.0000 0.0000 0.0000 0.0000 0.0000 0.0000 0.0000 0.0000 0.0000 0.0000 0.0000 0.0000 0.0000 0.0000 	2
15:	0.5619 0.0009 0.0006 0.2630 0.1640 0.0005 0.0007 0.0000 0.0014 0.0026 0.0002 0.0000 0.0000 0.0000 0.0017 0.0004 0.0016 0.0005 	30
16:	0.0990 0.0280 0.0336 0.6244 0.0846 0.0007 0.0000 0.0000 0.1097 0.0029 0.0028 0.0011 0.0000 0.0007 0.0107 0.0004 0.0011 0.0003 	30
