1:	0.0222 0.0000 0.0547 0.0773 0.1851 0.0000 0.1620 0.0010 0.0003 0.0509 0.0292 0.0024 0.0000 0.0005 0.1012 0.0808 0.0166 0.0997 0.1161 	55
2:	0.0322 0.0000 0.2004 0.0781 0.0439 0.0005 0.1947 0.0000 0.0000 0.0090 0.0477 0.0000 0.0000 0.0000 0.1095 0.0702 0.0750 0.0559 0.0829 	45
3:	0.0081 0.0000 0.1516 0.0313 0.0443 0.0011 0.1966 0.0009 0.0042 0.0154 0.0396 0.0000 0.0000 0.0000 0.1677 0.0456 0.0802 0.1209 0.0925 	60
4:	0.0065 0.0000 0.1552 0.0698 0.0000 0.0000 0.2153 0.0000 0.0000 0.0366 0.0282 0.0000 0.0000 0.0000 0.1558 0.0083 0.1064 0.1650 0.0527 	59
5:	0.0000 0.1711 0.0003 0.0000 0.0010 0.1715 0.0000 0.1161 0.0009 0.0000 0.0000 0.1693 0.1561 0.2137 0.0000 0.0000 0.0000 0.0000 0.0000 	30
6:	0.0000 0.1132 0.0000 0.0000 0.0035 0.1987 0.0000 0.1378 0.0015 0.0000 0.0000 0.1798 0.2472 0.1183 0.0000 0.0000 0.0000 0.0000 0.0000 	27
7:	0.0000 0.1177 0.0000 0.0000 0.0000 0.1921 0.0000 0.2148 0.0004 0.0000 0.0000 0.1366 0.1597 0.1787 0.0000 0.0000 0.0000 0.0000 0.0000 	30
8:	0.0000 0.2458 0.0000 0.0000 0.0012 0.1451 0.0000 0.1663 0.0011 0.0000 0.0000 0.1118 0.1320 0.1968 0.0000 0.0000 0.0000 0.0000 0.0000 	28
9:	0.0000 0.1948 0.0001 0.0000 0.0018 0.1342 0.0000 0.1869 0.0018 0.0000 0.0000 0.1434 0.1584 0.1787 0.0000 0.0000 0.0000 0.0000 0.0000 	30
10:	0.0000 0.1507 0.0001 0.0000 0.0045 0.0618 0.0000 0.3426 0.0009 0.0000 0.0000 0.1748 0.1510 0.1136 0.0000 0.0000 0.0000 0.0000 0.0000 	28
11:	0.0004 0.3400 0.0000 0.0014 0.0052 0.0955 0.0000 0.1462 0.0015 0.0001 0.0002 0.1568 0.1620 0.0907 0.0000 0.0000 0.0000 0.0000 0.0000 	30
12:	0.2692 0.0000 0.0000 0.1870 0.1527 0.0000 0.0000 0.0017 0.0712 0.1017 0.1494 0.0085 0.0000 0.0000 0.0000 0.0554 0.0000 0.0000 0.0031 	30
13:	0.1464 0.0000 0.0004 0.1919 0.1193 0.0000 0.0238 0.0000 0.0087 0.0440 0.2072 0.0000 0.0043 0.0000 0.0580 0.1470 0.0150 0.0228 0.0112 	30
14:	0.4015 0.0000 0.0000 0.3659 0.0000 0.0000 0.0000 0.0000 0.0000 0.0054 0.1971 0.0000 0.0000 0.0000 0.0000 0.0301 0.0000 0.0000 0.0000 	2
15:	0.3556 0.0000 0.0002 0.1138 0.1630 0.0024 0.0000 0.0000 0.0013 0.0485 0.1955 0.0000 0.0000 0.0000 0.0008 0.1184 0.0000 0.0007 0.0000 	30
16:	0.0530 0.0000 0.0336 0.2243 0.0836 0.0000 0.0000 0.0000 0.1103 0.2756 0.0859 0.0027 0.0005 0.0028 0.0333 0.0932 0.0007 0.0004 0.0000 	30
