1:	0.1966 0.0025 0.0192 0.0236 0.0299 0.0001 0.1774 0.0005 0.3718 0.0289 0.0045 0.0401 0.0035 0.0100 0.0248 0.0665 	30
2:	0.1933 0.0001 0.0207 0.0615 0.0015 0.0005 0.2599 0.0004 0.1268 0.0648 0.0001 0.0942 0.0010 0.0087 0.0103 0.1562 	30
3:	0.1695 0.0000 0.0524 0.2710 0.0135 0.0001 0.1699 0.0002 0.0051 0.0380 0.0000 0.0473 0.0001 0.0104 0.0374 0.1852 	30
4:	0.0284 0.0006 0.0085 0.1675 0.0124 0.0000 0.1218 0.0017 0.0271 0.2291 0.0003 0.0618 0.0023 0.0139 0.1558 0.1688 	22
5:	0.0395 0.0000 0.0164 0.3644 0.0013 0.0005 0.1826 0.0001 0.0191 0.0336 0.0000 0.0430 0.0007 0.0222 0.0360 0.2405 	30
6:	0.0224 0.0006 0.0092 0.0493 0.0128 0.0011 0.1732 0.0014 0.4035 0.1376 0.0052 0.0198 0.0095 0.0080 0.0539 0.0926 	30
7:	0.0586 0.0002 0.0130 0.2695 0.0055 0.0002 0.0611 0.0006 0.0720 0.1067 0.0000 0.0199 0.0044 0.0374 0.0653 0.2857 	30
8:	0.1298 0.0000 0.0422 0.2061 0.0061 0.0006 0.2362 0.0002 0.0148 0.0023 0.0000 0.0453 0.0006 0.0202 0.1368 0.1589 	30
9:	0.0012 0.0036 0.3667 0.0021 0.0076 0.4098 0.0103 0.0071 0.0000 0.0000 0.0162 0.0024 0.0828 0.0873 0.0009 0.0019 	28
10:	0.0003 0.0011 0.0496 0.0071 0.0040 0.5576 0.0054 0.0123 0.0028 0.0013 0.0185 0.0021 0.0252 0.3074 0.0025 0.0029 	27
11:	0.0011 0.0198 0.1388 0.0001 0.0013 0.1116 0.0000 0.0091 0.0012 0.0000 0.0774 0.0015 0.5886 0.0472 0.0015 0.0006 	25
12:	0.0000 0.7186 0.0009 0.0001 0.0000 0.0010 0.0000 0.0174 0.0003 0.0000 0.0118 0.0000 0.2186 0.0233 0.0080 0.0000 	28
13:	0.0001 0.0135 0.0237 0.0000 0.0009 0.0159 0.0000 0.0225 0.0006 0.0000 0.8509 0.0000 0.0593 0.0117 0.0010 0.0000 	24
14:	0.0004 0.0182 0.3617 0.0001 0.0001 0.2362 0.0000 0.0173 0.0001 0.0000 0.1067 0.0002 0.2178 0.0394 0.0016 0.0003 	27
15:	0.0000 0.0060 0.0077 0.0002 0.0002 0.0120 0.0029 0.6640 0.0008 0.0000 0.0577 0.0004 0.1902 0.0384 0.0193 0.0001 	29
16:	0.4609 0.0004 0.0177 0.0223 0.0012 0.0000 0.1913 0.0006 0.0180 0.0343 0.0002 0.1434 0.0057 0.0064 0.0196 0.0780 	30
17:	0.3454 0.0023 0.0168 0.0301 0.0104 0.0015 0.1635 0.0009 0.0885 0.0844 0.0023 0.1097 0.0122 0.0268 0.0222 0.0831 	30
18:	0.0261 0.0000 0.0055 0.0658 0.5017 0.0001 0.0252 0.0000 0.0000 0.1222 0.0000 0.1620 0.0004 0.0347 0.0073 0.0490 	29
19:	0.3166 0.0008 0.0137 0.0276 0.0144 0.0002 0.3133 0.0006 0.0122 0.0360 0.0004 0.1525 0.0033 0.0055 0.0363 0.0667 	30
