1.0000 0.3621 0.3802 0.3925 0.3925 0.3938 0.3503 0.4148 0.3758 0.3927 0.3751 0.4298 0.4375 0.3432 0.3604 0.3657 0.4277 0.4217 0.4266 0.3427
0.3621 1.0000 0.4196 0.4301 0.4301 0.4679 0.4421 0.4225 0.4130 0.4231 0.4264 0.4113 0.3933 0.4369 0.4678 0.4100 0.3851 0.4224 0.3705 0.4326
0.3802 0.4196 1.0000 0.4651 0.4651 0.4726 0.4286 0.4233 0.4179 0.4328 0.4407 0.4339 0.4059 0.4746 0.4354 0.4298 0.4029 0.4435 0.4330 0.4432
0.3925 0.4301 0.4651 1.0000 1.0000 0.4623 0.3832 0.4586 0.4282 0.4205 0.5035 0.4820 0.4296 0.4580 0.4137 0.4744 0.4256 0.4700 0.4850 0.4103
0.3925 0.4301 0.4651 1.0000 1.0000 0.4623 0.3832 0.4586 0.4282 0.4205 0.5035 0.4820 0.4296 0.4580 0.4137 0.4744 0.4256 0.4700 0.4850 0.4103
0.3938 0.4679 0.4726 0.4623 0.4623 1.0000 0.4582 0.4484 0.4817 0.4789 0.4654 0.4485 0.4546 0.4540 0.4294 0.4385 0.4375 0.4732 0.4108 0.4471
0.3503 0.4421 0.4286 0.3832 0.3832 0.4582 1.0000 0.4271 0.4609 0.4477 0.4258 0.3975 0.3849 0.4368 0.4236 0.4075 0.4186 0.3979 0.3614 0.4499
0.4148 0.4225 0.4233 0.4586 0.4586 0.4484 0.4271 1.0000 0.4361 0.4403 0.4847 0.4674 0.4297 0.4145 0.4414 0.4628 0.4475 0.4308 0.4242 0.4274
0.3758 0.4130 0.4179 0.4282 0.4282 0.4817 0.4609 0.4361 1.0000 0.4397 0.4725 0.4972 0.4404 0.4646 0.4030 0.4613 0.4758 0.4524 0.4531 0.4401
0.3927 0.4231 0.4328 0.4205 0.4205 0.4789 0.4477 0.4403 0.4397 1.0000 0.4457 0.4328 0.4254 0.4378 0.4261 0.4104 0.4368 0.4210 0.4104 0.4237
0.3751 0.4264 0.4407 0.5035 0.5035 0.4654 0.4258 0.4847 0.4725 0.4457 1.0000 0.4877 0.4286 0.4383 0.4478 0.4792 0.4405 0.4610 0.4506 0.4211
0.4298 0.4113 0.4339 0.4820 0.4820 0.4485 0.3975 0.4674 0.4972 0.4328 0.4877 1.0000 0.4593 0.4431 0.4036 0.5005 0.4959 0.4501 0.4889 0.4357
0.4375 0.3933 0.4059 0.4296 0.4296 0.4546 0.3849 0.4297 0.4404 0.4254 0.4286 0.4593 1.0000 0.3965 0.3892 0.4382 0.4527 0.4593 0.4351 0.3764
0.3432 0.4369 0.4746 0.4580 0.4580 0.4540 0.4368 0.4145 0.4646 0.4378 0.4383 0.4431 0.3965 1.0000 0.4241 0.4541 0.4009 0.4308 0.4023 0.4642
0.3604 0.4678 0.4354 0.4137 0.4137 0.4294 0.4236 0.4414 0.4030 0.4261 0.4478 0.4036 0.3892 0.4241 1.0000 0.4081 0.3823 0.4076 0.3834 0.4924
0.3657 0.4100 0.4298 0.4744 0.4744 0.4385 0.4075 0.4628 0.4613 0.4104 0.4792 0.5005 0.4382 0.4541 0.4081 1.0000 0.4666 0.4395 0.4535 0.4210
0.4277 0.3851 0.4029 0.4256 0.4256 0.4375 0.4186 0.4475 0.4758 0.4368 0.4405 0.4959 0.4527 0.4009 0.3823 0.4666 1.0000 0.4200 0.4798 0.3982
0.4217 0.4224 0.4435 0.4700 0.4700 0.4732 0.3979 0.4308 0.4524 0.4210 0.4610 0.4501 0.4593 0.4308 0.4076 0.4395 0.4200 1.0000 0.4965 0.3798
0.4266 0.3705 0.4330 0.4850 0.4850 0.4108 0.3614 0.4242 0.4531 0.4104 0.4506 0.4889 0.4351 0.4023 0.3834 0.4535 0.4798 0.4965 1.0000 0.3878
0.3427 0.4326 0.4432 0.4103 0.4103 0.4471 0.4499 0.4274 0.4401 0.4237 0.4211 0.4357 0.3764 0.4642 0.4924 0.4210 0.3982 0.3798 0.3878 1.0000
