1.0000	0.7253	0.8193	0.7128	0.7190	0.8413	0.7234	0.6929	0.7058	0.8084	0.7456	0.6469	0.6817	0.7456	0.8047	0.6927	0.6990	0.6990	0.7879	0.7143
0.7253	1.0000	0.7564	0.6944	0.6994	0.7359	0.6934	0.6088	0.6904	0.7341	0.7008	0.6327	0.7666	0.6773	0.7738	0.7354	0.6677	0.6677	0.7392	0.6546
0.8193	0.7564	1.0000	0.7814	0.7871	0.8319	0.7850	0.6728	0.6913	0.7968	0.7967	0.6841	0.7063	0.7450	0.8995	0.7234	0.7669	0.7669	0.8310	0.7401
0.7128	0.6944	0.7814	1.0000	0.7128	0.7234	0.6974	0.7044	0.6336	0.7007	0.7248	0.7341	0.6444	0.6785	0.7798	0.6786	0.8088	0.8088	0.7361	0.7712
0.7190	0.6994	0.7871	0.7128	1.0000	0.7236	0.8019	0.6121	0.6520	0.7344	0.7931	0.7095	0.7599	0.7681	0.7723	0.6892	0.6979	0.6979	0.7318	0.6649
0.8413	0.7359	0.8319	0.7234	0.7236	1.0000	0.7232	0.6905	0.7132	0.7820	0.7306	0.6497	0.6722	0.7405	0.8208	0.6865	0.7101	0.7101	0.8192	0.6917
0.7234	0.6934	0.7850	0.6974	0.8019	0.7232	1.0000	0.6177	0.6344	0.7251	0.7773	0.6878	0.7073	0.7525	0.7632	0.6747	0.6990	0.6990	0.7407	0.7058
0.6929	0.6088	0.6728	0.7044	0.6121	0.6905	0.6177	1.0000	0.6199	0.6528	0.6363	0.6788	0.5720	0.6259	0.6715	0.5968	0.6805	0.6805	0.6572	0.6915
0.7058	0.6904	0.6913	0.6336	0.6520	0.7132	0.6344	0.6199	1.0000	0.6975	0.6505	0.5875	0.6287	0.6469	0.7044	0.6244	0.6163	0.6163	0.7366	0.6090
0.8084	0.7341	0.7968	0.7007	0.7344	0.7820	0.7251	0.6528	0.6975	1.0000	0.7459	0.6584	0.6989	0.7425	0.7881	0.7603	0.7120	0.7120	0.7514	0.6769
0.7456	0.7008	0.7967	0.7248	0.7931	0.7306	0.7773	0.6363	0.6505	0.7459	1.0000	0.6940	0.7094	0.7641	0.8022	0.6955	0.7078	0.7078	0.7385	0.6802
0.6469	0.6327	0.6841	0.7341	0.7095	0.6497	0.6878	0.6788	0.5875	0.6584	0.6940	1.0000	0.6444	0.6763	0.6731	0.6269	0.7274	0.7274	0.6494	0.6868
0.6817	0.7666	0.7063	0.6444	0.7599	0.6722	0.7073	0.5720	0.6287	0.6989	0.7094	0.6444	1.0000	0.6919	0.6972	0.6957	0.6343	0.6343	0.6753	0.6131
0.7456	0.6773	0.7450	0.6785	0.7681	0.7405	0.7525	0.6259	0.6469	0.7425	0.7641	0.6763	0.6919	1.0000	0.7396	0.6720	0.6629	0.6629	0.7093	0.6420
0.8047	0.7738	0.8995	0.7798	0.7723	0.8208	0.7632	0.6715	0.7044	0.7881	0.8022	0.6731	0.6972	0.7396	1.0000	0.7273	0.7476	0.7476	0.8236	0.7274
0.6927	0.7354	0.7234	0.6786	0.6892	0.6865	0.6747	0.5968	0.6244	0.7603	0.6955	0.6269	0.6957	0.6720	0.7273	1.0000	0.6661	0.6661	0.6812	0.6287
0.6990	0.6677	0.7669	0.8088	0.6979	0.7101	0.6990	0.6805	0.6163	0.7120	0.7078	0.7274	0.6343	0.6629	0.7476	0.6661	1.0000	1.0000	0.7142	0.7586
0.6990	0.6677	0.7669	0.8088	0.6979	0.7101	0.6990	0.6805	0.6163	0.7120	0.7078	0.7274	0.6343	0.6629	0.7476	0.6661	1.0000	1.0000	0.7142	0.7586
0.7879	0.7392	0.8310	0.7361	0.7318	0.8192	0.7407	0.6572	0.7366	0.7514	0.7385	0.6494	0.6753	0.7093	0.8236	0.6812	0.7142	0.7142	1.0000	0.6934
0.7143	0.6546	0.7401	0.7712	0.6649	0.6917	0.7058	0.6915	0.6090	0.6769	0.6802	0.6868	0.6131	0.6420	0.7274	0.6287	0.7586	0.7586	0.6934	1.0000
