1:	0.1710 0.0146 0.0560 0.4825 0.1641 0.0121 0.0996 	55
2:	0.1229 0.0019 0.2020 0.5057 0.0394 0.0042 0.1238 	45
3:	0.0881 0.0045 0.1540 0.6423 0.0454 0.0020 0.0637 	60
4:	0.0997 0.0000 0.1573 0.6747 0.0022 0.0004 0.0657 	59
5:	0.0000 0.5589 0.0014 0.0000 0.0089 0.4309 0.0000 	30
6:	0.0000 0.4772 0.0009 0.0000 0.0123 0.5097 0.0000 	27
7:	0.0000 0.5954 0.0009 0.0000 0.0036 0.4001 0.0000 	30
8:	0.0000 0.5704 0.0007 0.0000 0.0054 0.4235 0.0000 	28
9:	0.0000 0.6028 0.0006 0.0000 0.0072 0.3894 0.0000 	30
10:	0.0000 0.6549 0.0005 0.0000 0.0065 0.3381 0.0000 	28
11:	0.0020 0.4742 0.0006 0.0000 0.0083 0.5133 0.0015 	30
12:	0.3876 0.0132 0.0049 0.0048 0.2090 0.0092 0.3713 	30
13:	0.2585 0.0084 0.0019 0.1246 0.1168 0.0088 0.4810 	30
14:	0.7202 0.0000 0.0000 0.0000 0.0000 0.0000 0.2798 	2
15:	0.2992 0.0061 0.0011 0.0019 0.1478 0.0142 0.5296 	30
16:	0.5141 0.0095 0.0398 0.0350 0.1809 0.0038 0.2168 	30
