1:	0.0797 0.1246 0.0549 0.1736 0.1775 0.0000 0.1518 0.0000 0.0003 0.0991 0.0579 0.0002 0.0528 0.0014 0.0000 0.0262 	55
2:	0.1176 0.1583 0.2004 0.1122 0.0439 0.0004 0.1820 0.0000 0.0000 0.1144 0.0327 0.0000 0.0381 0.0000 0.0001 0.0000 	45
3:	0.0701 0.1392 0.1517 0.0623 0.0454 0.0000 0.2371 0.0000 0.0039 0.1944 0.0406 0.0000 0.0539 0.0006 0.0002 0.0005 	60
4:	0.0517 0.1897 0.1554 0.0970 0.0000 0.0000 0.2220 0.0000 0.0017 0.1823 0.0681 0.0000 0.0316 0.0000 0.0000 0.0007 	59
5:	0.0000 0.0000 0.0002 0.0000 0.0005 0.0835 0.0000 0.1517 0.0012 0.0000 0.0732 0.2021 0.0984 0.1873 0.1459 0.0560 	30
6:	0.0000 0.0000 0.0000 0.0000 0.0035 0.1495 0.0000 0.1638 0.0016 0.0000 0.0717 0.1780 0.0729 0.1965 0.1284 0.0342 	27
7:	0.0000 0.0000 0.0000 0.0000 0.0011 0.1301 0.0000 0.2359 0.0006 0.0000 0.0511 0.2255 0.0787 0.1809 0.0874 0.0087 	30
8:	0.0000 0.0000 0.0000 0.0000 0.0020 0.1950 0.0000 0.1727 0.0008 0.0000 0.0791 0.1921 0.0765 0.1554 0.0537 0.0726 	28
9:	0.0000 0.0000 0.0000 0.0000 0.0019 0.1652 0.0000 0.1216 0.0009 0.0000 0.0442 0.2242 0.0718 0.2065 0.1258 0.0378 	30
10:	0.0000 0.0000 0.0000 0.0000 0.0027 0.1198 0.0000 0.1857 0.0014 0.0000 0.0286 0.1548 0.0951 0.2735 0.1304 0.0080 	28
11:	0.0000 0.0000 0.0000 0.0003 0.0022 0.1904 0.0000 0.1078 0.0014 0.0000 0.0970 0.1123 0.0698 0.1319 0.1804 0.1065 	30
12:	0.5272 0.0030 0.0003 0.2270 0.1542 0.0000 0.0027 0.0022 0.0722 0.0015 0.0014 0.0009 0.0030 0.0021 0.0012 0.0011 	30
13:	0.4948 0.0381 0.0007 0.2308 0.1178 0.0000 0.0312 0.0004 0.0094 0.0279 0.0219 0.0001 0.0228 0.0003 0.0032 0.0006 	30
14:	0.8621 0.0000 0.0000 0.1379 0.0000 0.0000 0.0000 0.0000 0.0000 0.0000 0.0000 0.0000 0.0000 0.0000 0.0000 0.0000 	2
15:	0.6466 0.0041 0.0009 0.1743 0.1653 0.0000 0.0026 0.0004 0.0017 0.0008 0.0006 0.0000 0.0017 0.0003 0.0000 0.0007 	30
16:	0.1390 0.0008 0.0338 0.5854 0.0853 0.0005 0.0201 0.0009 0.1100 0.0194 0.0014 0.0008 0.0024 0.0000 0.0000 0.0002 	30
