1:	0.2684 0.0045 0.0021 0.0357 0.0381 0.0009 0.2032 0.0034 0.3797 0.0639 	30
2:	0.3333 0.0006 0.0002 0.0845 0.0171 0.0015 0.3186 0.0011 0.1452 0.0977 	30
3:	0.3384 0.0000 0.0014 0.3289 0.0229 0.0002 0.2104 0.0004 0.0085 0.0889 	30
4:	0.1245 0.0031 0.0047 0.2983 0.0669 0.0027 0.1727 0.0037 0.0985 0.2250 	22
5:	0.1790 0.0000 0.0029 0.4756 0.0111 0.0023 0.2137 0.0000 0.0330 0.0823 	30
6:	0.0842 0.0041 0.0111 0.0767 0.0461 0.0046 0.1933 0.0021 0.4497 0.1282 	30
7:	0.2031 0.0015 0.0082 0.4104 0.0342 0.0026 0.0698 0.0023 0.1224 0.1456 	30
8:	0.2640 0.0003 0.0001 0.3109 0.0110 0.0026 0.2649 0.0015 0.0585 0.0862 	30
9:	0.0067 0.0066 0.4357 0.0053 0.0117 0.4989 0.0183 0.0140 0.0004 0.0023 	28
10:	0.0007 0.0044 0.0838 0.0192 0.0098 0.8413 0.0082 0.0205 0.0079 0.0041 	27
11:	0.0028 0.0470 0.7229 0.0006 0.0038 0.1696 0.0000 0.0437 0.0082 0.0012 	25
12:	0.0000 0.7600 0.2262 0.0002 0.0000 0.0026 0.0000 0.0095 0.0014 0.0002 	28
13:	0.0000 0.1772 0.0754 0.0000 0.0143 0.1544 0.0000 0.5754 0.0029 0.0005 	24
14:	0.0022 0.0412 0.5834 0.0000 0.0002 0.3031 0.0001 0.0683 0.0003 0.0010 	27
15:	0.0000 0.0074 0.2500 0.0002 0.0013 0.0132 0.0039 0.7209 0.0027 0.0004 	29
16:	0.5278 0.0010 0.0132 0.0393 0.0102 0.0014 0.2645 0.0002 0.0563 0.0860 	30
17:	0.3978 0.0061 0.0170 0.0575 0.0379 0.0101 0.2228 0.0024 0.1400 0.1084 	30
18:	0.0824 0.0001 0.0087 0.1672 0.5362 0.0004 0.0612 0.0002 0.0198 0.1240 	29
19:	0.3721 0.0026 0.0084 0.0523 0.0241 0.0016 0.4096 0.0003 0.0496 0.0794 	30
