1:	0.0326 0.0753 0.0546 0.2067 0.1504 0.0087 0.0685 0.0023 0.0554 0.0793 0.0265 0.0176 0.0838 0.0833 0.0551 	55
2:	0.0508 0.0878 0.2001 0.1680 0.0377 0.0024 0.0843 0.0033 0.0579 0.0938 0.0730 0.0011 0.0570 0.0684 0.0143 	45
3:	0.0319 0.1133 0.1514 0.0946 0.0428 0.0012 0.1193 0.0000 0.0747 0.1179 0.0688 0.0060 0.0548 0.0859 0.0374 	60
4:	0.0210 0.1026 0.1546 0.1167 0.0000 0.0000 0.1059 0.0000 0.1114 0.1029 0.0914 0.0000 0.0945 0.0736 0.0253 	59
5:	0.0000 0.0000 0.0005 0.0000 0.0045 0.3418 0.0000 0.2006 0.0000 0.0000 0.0000 0.4525 0.0000 0.0000 0.0000 	30
6:	0.0000 0.0000 0.0004 0.0000 0.0077 0.2570 0.0000 0.3288 0.0000 0.0000 0.0000 0.4061 0.0000 0.0000 0.0000 	27
7:	0.0000 0.0000 0.0001 0.0000 0.0032 0.3078 0.0000 0.3977 0.0002 0.0000 0.0000 0.2909 0.0000 0.0000 0.0000 	30
8:	0.0000 0.0000 0.0005 0.0000 0.0022 0.3826 0.0000 0.2299 0.0000 0.0000 0.0000 0.3848 0.0000 0.0000 0.0000 	28
9:	0.0000 0.0000 0.0003 0.0000 0.0048 0.2902 0.0000 0.3532 0.0000 0.0000 0.0000 0.3514 0.0001 0.0000 0.0000 	30
10:	0.0000 0.0000 0.0006 0.0000 0.0049 0.2751 0.0000 0.4179 0.0000 0.0000 0.0000 0.3015 0.0000 0.0000 0.0000 	28
11:	0.0029 0.0000 0.0004 0.0009 0.0061 0.4558 0.0000 0.2659 0.0000 0.0003 0.0000 0.2674 0.0000 0.0000 0.0003 	30
12:	0.4115 0.0016 0.0042 0.3326 0.2047 0.0059 0.0025 0.0112 0.0020 0.0027 0.0024 0.0074 0.0047 0.0015 0.0052 	30
13:	0.3212 0.0284 0.0007 0.3925 0.1128 0.0138 0.0527 0.0031 0.0165 0.0015 0.0130 0.0029 0.0195 0.0077 0.0137 	30
14:	0.8605 0.0000 0.0000 0.1366 0.0000 0.0000 0.0000 0.0000 0.0029 0.0000 0.0000 0.0000 0.0000 0.0000 0.0000 	2
15:	0.5139 0.0030 0.0007 0.2965 0.1432 0.0099 0.0022 0.0023 0.0047 0.0015 0.0034 0.0113 0.0029 0.0010 0.0035 	30
16:	0.0542 0.0038 0.0391 0.6446 0.1792 0.0100 0.0152 0.0029 0.0036 0.0213 0.0074 0.0026 0.0034 0.0053 0.0074 	30
