1:	0.2605 0.0109 0.0560 0.4767 0.1641 0.0062 0.0070 0.0186 	55
2:	0.2368 0.0015 0.2024 0.4960 0.0393 0.0036 0.0004 0.0199 	45
3:	0.1406 0.0017 0.1540 0.6299 0.0446 0.0008 0.0032 0.0252 	60
4:	0.1533 0.0000 0.1572 0.6580 0.0017 0.0003 0.0001 0.0295 	59
5:	0.0000 0.3145 0.0002 0.0000 0.0039 0.2275 0.2921 0.1618 	30
6:	0.0000 0.3386 0.0004 0.0000 0.0051 0.2939 0.2102 0.1518 	27
7:	0.0000 0.4075 0.0002 0.0000 0.0017 0.1584 0.2345 0.1977 	30
8:	0.0000 0.3793 0.0002 0.0000 0.0033 0.2419 0.2447 0.1306 	28
9:	0.0000 0.3759 0.0003 0.0000 0.0041 0.2151 0.2927 0.1119 	30
10:	0.0000 0.4696 0.0003 0.0000 0.0040 0.1530 0.2357 0.1374 	28
11:	0.0029 0.3433 0.0003 0.0000 0.0048 0.3173 0.2191 0.1123 	30
12:	0.7563 0.0107 0.0041 0.0064 0.1986 0.0032 0.0042 0.0165 	30
13:	0.7315 0.0059 0.0025 0.1228 0.1154 0.0052 0.0028 0.0139 	30
14:	1.0000 0.0000 0.0000 0.0000 0.0000 0.0000 0.0000 0.0000 	2
15:	0.8249 0.0065 0.0016 0.0040 0.1466 0.0047 0.0053 0.0064 	30
16:	0.7265 0.0044 0.0389 0.0382 0.1633 0.0015 0.0043 0.0230 	30
