1:	0.2330 0.0027 0.0038 0.0229 0.0340 0.0004 0.1903 0.0004 0.3773 0.0387 0.0052 0.0643 0.0064 0.0204 	30
2:	0.3083 0.0003 0.0010 0.0771 0.0073 0.0012 0.2970 0.0006 0.1415 0.0818 0.0004 0.0644 0.0010 0.0182 	30
3:	0.3239 0.0000 0.0032 0.2854 0.0172 0.0002 0.1994 0.0002 0.0059 0.0602 0.0000 0.0397 0.0001 0.0644 	30
4:	0.1089 0.0012 0.0034 0.2400 0.0322 0.0004 0.1565 0.0021 0.0588 0.2462 0.0014 0.0614 0.0037 0.0837 	22
5:	0.1632 0.0000 0.0033 0.4376 0.0052 0.0011 0.2056 0.0000 0.0328 0.0610 0.0000 0.0340 0.0014 0.0548 	30
6:	0.0601 0.0008 0.0061 0.0650 0.0245 0.0017 0.1883 0.0007 0.4408 0.1461 0.0064 0.0193 0.0096 0.0306 	30
7:	0.1755 0.0003 0.0047 0.3781 0.0163 0.0012 0.0675 0.0015 0.1125 0.1381 0.0010 0.0475 0.0061 0.0497 	30
8:	0.2494 0.0001 0.0012 0.2443 0.0097 0.0014 0.2583 0.0013 0.0322 0.0374 0.0001 0.0639 0.0009 0.0998 	30
9:	0.0002 0.0038 0.4453 0.0033 0.0093 0.4340 0.0106 0.0073 0.0000 0.0000 0.0171 0.0030 0.0080 0.0581 	28
10:	0.0000 0.0018 0.0619 0.0098 0.0062 0.6490 0.0063 0.0132 0.0037 0.0012 0.0186 0.0042 0.0178 0.2062 	27
11:	0.0007 0.0185 0.1535 0.0005 0.0015 0.1174 0.0000 0.0051 0.0002 0.0000 0.0803 0.0027 0.5846 0.0350 	25
12:	0.0000 0.7145 0.0010 0.0000 0.0000 0.0014 0.0000 0.0088 0.0000 0.0000 0.0118 0.0090 0.2382 0.0153 	28
13:	0.0000 0.0106 0.0282 0.0000 0.0010 0.0124 0.0000 0.0237 0.0003 0.0000 0.8554 0.0009 0.0587 0.0089 	24
14:	0.0000 0.0182 0.4373 0.0001 0.0002 0.2343 0.0000 0.0172 0.0000 0.0001 0.1153 0.0019 0.1460 0.0295 	27
15:	0.0000 0.0065 0.0102 0.0001 0.0006 0.0110 0.0031 0.6734 0.0007 0.0000 0.0339 0.0215 0.2168 0.0223 	29
16:	0.4610 0.0004 0.0070 0.0273 0.0048 0.0002 0.2232 0.0003 0.0287 0.0386 0.0005 0.1850 0.0068 0.0161 	30
17:	0.3350 0.0030 0.0056 0.0460 0.0221 0.0044 0.1924 0.0009 0.1119 0.0828 0.0023 0.1552 0.0147 0.0236 	30
18:	0.0589 0.0000 0.0031 0.1285 0.5118 0.0003 0.0426 0.0000 0.0018 0.1194 0.0003 0.1255 0.0025 0.0054 	29
19:	0.3240 0.0014 0.0038 0.0390 0.0178 0.0001 0.3588 0.0007 0.0252 0.0403 0.0005 0.1624 0.0047 0.0211 	30
