1:	0.1935 0.0037 0.0035 0.0413 0.0400 0.0005 0.1944 0.0005 0.3395 0.0086 0.1744 	30
2:	0.3244 0.0007 0.0001 0.0668 0.0345 0.0019 0.3169 0.0011 0.1255 0.0014 0.1267 	30
3:	0.4035 0.0000 0.0017 0.2953 0.0327 0.0001 0.2134 0.0003 0.0079 0.0004 0.0448 	30
4:	0.2158 0.0030 0.0047 0.2934 0.1249 0.0042 0.2106 0.0056 0.1257 0.0026 0.0094 	22
5:	0.2806 0.0000 0.0023 0.4297 0.0193 0.0051 0.2258 0.0000 0.0289 0.0001 0.0082 	30
6:	0.1327 0.0017 0.0117 0.0687 0.0835 0.0048 0.2096 0.0022 0.4646 0.0079 0.0127 	30
7:	0.3181 0.0009 0.0071 0.3762 0.0601 0.0035 0.0818 0.0035 0.1272 0.0038 0.0177 	30
8:	0.3103 0.0000 0.0002 0.3008 0.0079 0.0036 0.2705 0.0030 0.0662 0.0001 0.0374 	30
9:	0.0059 0.0044 0.4329 0.0078 0.0077 0.4873 0.0171 0.0082 0.0000 0.0237 0.0050 	28
10:	0.0007 0.0030 0.0788 0.0193 0.0046 0.8375 0.0079 0.0161 0.0072 0.0233 0.0016 	27
11:	0.0009 0.0202 0.7176 0.0008 0.0001 0.1382 0.0000 0.0094 0.0059 0.1012 0.0058 	25
12:	0.0000 0.7491 0.2145 0.0000 0.0000 0.0031 0.0000 0.0169 0.0021 0.0144 0.0000 	28
13:	0.0000 0.0118 0.0773 0.0000 0.0012 0.0142 0.0000 0.0214 0.0011 0.8730 0.0000 	24
14:	0.0015 0.0163 0.5784 0.0000 0.0005 0.2486 0.0005 0.0163 0.0000 0.1339 0.0040 	27
15:	0.0000 0.0071 0.2028 0.0005 0.0000 0.0118 0.0033 0.7227 0.0019 0.0500 0.0000 	29
16:	0.2786 0.0008 0.0058 0.0369 0.0182 0.0006 0.2243 0.0003 0.0255 0.0002 0.4088 	30
17:	0.2172 0.0046 0.0073 0.0641 0.0557 0.0124 0.1801 0.0042 0.1036 0.0020 0.3488 	30
18:	0.0776 0.0000 0.0042 0.1867 0.5639 0.0005 0.0434 0.0000 0.0022 0.0003 0.1211 	29
19:	0.2074 0.0019 0.0034 0.0501 0.0337 0.0014 0.3421 0.0009 0.0271 0.0009 0.3309 	30
