1:	0.2292 0.0070 0.0549 0.1838 0.1434 0.0244 0.1079 0.0829 0.0668 0.0997 	55
2:	0.2051 0.0019 0.2008 0.1809 0.0521 0.0337 0.1227 0.0892 0.0157 0.0981 	45
3:	0.1174 0.0024 0.1517 0.2160 0.0722 0.0212 0.1821 0.1246 0.0202 0.0922 	60
4:	0.1276 0.0000 0.1553 0.2329 0.0449 0.0219 0.1991 0.1243 0.0007 0.0935 	59
5:	0.0000 0.7567 0.0011 0.0000 0.0069 0.2285 0.0000 0.0000 0.0067 0.0000 	30
6:	0.0000 0.7799 0.0009 0.0000 0.0099 0.2024 0.0000 0.0000 0.0069 0.0000 	27
7:	0.0000 0.8080 0.0006 0.0000 0.0048 0.1826 0.0000 0.0001 0.0037 0.0001 	30
8:	0.0000 0.7817 0.0009 0.0000 0.0047 0.2078 0.0000 0.0000 0.0049 0.0000 	28
9:	0.0000 0.7552 0.0006 0.0000 0.0070 0.2314 0.0000 0.0001 0.0057 0.0000 	30
10:	0.0000 0.7752 0.0012 0.0001 0.0067 0.2120 0.0000 0.0001 0.0046 0.0000 	28
11:	0.0029 0.7722 0.0007 0.0001 0.0071 0.2105 0.0001 0.0000 0.0062 0.0003 	30
12:	0.6346 0.0082 0.0019 0.0039 0.1000 0.0802 0.0037 0.0109 0.1276 0.0291 	30
13:	0.6187 0.0063 0.0013 0.0499 0.0755 0.0693 0.0423 0.0347 0.0528 0.0492 	30
14:	0.8112 0.0000 0.0000 0.0004 0.0000 0.1593 0.0138 0.0141 0.0000 0.0011 	2
15:	0.6712 0.0059 0.0009 0.0022 0.1048 0.1006 0.0079 0.0141 0.0611 0.0312 	30
16:	0.6518 0.0038 0.0364 0.0157 0.0582 0.0122 0.0303 0.0069 0.1388 0.0460 	30
