1:	0.2278 0.0024 0.0035 0.0184 0.0316 0.0002 0.1769 0.0024 0.3766 0.0304 0.0046 0.0681 0.0064 0.0103 0.0403 	30
2:	0.3000 0.0001 0.0006 0.0758 0.0020 0.0004 0.2760 0.0010 0.1382 0.0658 0.0002 0.0914 0.0010 0.0082 0.0392 	30
3:	0.2892 0.0000 0.0026 0.2892 0.0140 0.0001 0.1855 0.0021 0.0053 0.0389 0.0000 0.0480 0.0001 0.0088 0.1163 	30
4:	0.0978 0.0010 0.0031 0.2254 0.0130 0.0000 0.1466 0.0147 0.0469 0.2372 0.0007 0.0449 0.0034 0.0220 0.1433 	22
5:	0.1440 0.0000 0.0030 0.4267 0.0017 0.0005 0.2073 0.0052 0.0306 0.0339 0.0000 0.0406 0.0013 0.0161 0.0890 	30
6:	0.0503 0.0007 0.0051 0.0636 0.0131 0.0009 0.1882 0.0043 0.4361 0.1415 0.0057 0.0139 0.0099 0.0126 0.0542 	30
7:	0.1602 0.0001 0.0041 0.3514 0.0062 0.0007 0.0757 0.0088 0.1066 0.1128 0.0004 0.0365 0.0049 0.0318 0.0998 	30
8:	0.2228 0.0001 0.0010 0.2295 0.0076 0.0008 0.2477 0.0117 0.0205 0.0029 0.0001 0.0480 0.0007 0.0244 0.1824 	30
9:	0.0009 0.0037 0.4428 0.0024 0.0091 0.4106 0.0086 0.0066 0.0000 0.0000 0.0163 0.0044 0.0083 0.0857 0.0007 	28
10:	0.0000 0.0011 0.0590 0.0068 0.0044 0.5748 0.0055 0.0120 0.0031 0.0012 0.0183 0.0039 0.0168 0.2887 0.0045 	27
11:	0.0006 0.0189 0.2107 0.0000 0.0015 0.1095 0.0000 0.0051 0.0007 0.0000 0.0791 0.0013 0.5224 0.0488 0.0014 	25
12:	0.0000 0.7156 0.0162 0.0001 0.0000 0.0010 0.0000 0.0083 0.0001 0.0000 0.0115 0.0000 0.2099 0.0277 0.0096 	28
13:	0.0000 0.0108 0.0317 0.0000 0.0005 0.0134 0.0000 0.0224 0.0002 0.0000 0.8538 0.0000 0.0537 0.0125 0.0010 	24
14:	0.0002 0.0180 0.4459 0.0001 0.0001 0.2316 0.0000 0.0166 0.0000 0.0000 0.1089 0.0005 0.1341 0.0426 0.0016 	27
15:	0.0000 0.0062 0.0232 0.0000 0.0004 0.0118 0.0028 0.6182 0.0006 0.0000 0.0319 0.0004 0.2350 0.0461 0.0234 	29
16:	0.4590 0.0005 0.0062 0.0242 0.0015 0.0000 0.1923 0.0012 0.0223 0.0344 0.0002 0.2144 0.0058 0.0068 0.0311 	30
17:	0.3300 0.0022 0.0055 0.0320 0.0132 0.0017 0.1684 0.0032 0.1054 0.0868 0.0022 0.1744 0.0126 0.0309 0.0313 	30
18:	0.0494 0.0000 0.0021 0.0899 0.5036 0.0000 0.0314 0.0020 0.0000 0.1274 0.0001 0.1487 0.0003 0.0156 0.0296 	29
19:	0.3215 0.0011 0.0031 0.0337 0.0149 0.0002 0.3131 0.0032 0.0183 0.0357 0.0002 0.2035 0.0040 0.0077 0.0398 	30
