1:	0.1932 0.0019 0.0007 0.0501 0.0300 0.0000 0.0779 0.0004 0.3387 0.0282 0.0037 0.0497 0.0011 0.0628 0.0267 0.0222 0.0044 0.1081 	30
2:	0.2265 0.0000 0.0000 0.0735 0.0017 0.0000 0.1252 0.0000 0.0867 0.0600 0.0000 0.1465 0.0014 0.0561 0.0057 0.1133 0.0232 0.0803 	30
3:	0.1514 0.0000 0.0003 0.3675 0.0124 0.0000 0.0833 0.0000 0.0025 0.0371 0.0000 0.0782 0.0000 0.0320 0.0229 0.0457 0.1254 0.0412 	30
4:	0.0144 0.0004 0.0005 0.0693 0.0135 0.0000 0.0985 0.0011 0.0159 0.2178 0.0000 0.0904 0.0018 0.0258 0.1586 0.1590 0.1286 0.0044 	22
5:	0.0265 0.0000 0.0018 0.1494 0.0016 0.0000 0.1871 0.0000 0.0049 0.0323 0.0000 0.0363 0.0000 0.0169 0.0488 0.2074 0.2731 0.0138 	30
6:	0.0493 0.0007 0.0032 0.0273 0.0123 0.0008 0.1545 0.0004 0.3711 0.1330 0.0045 0.0465 0.0065 0.0049 0.0493 0.0816 0.0333 0.0209 	30
7:	0.0482 0.0001 0.0018 0.0577 0.0064 0.0000 0.0693 0.0003 0.0388 0.1012 0.0000 0.0083 0.0020 0.0031 0.0808 0.3315 0.2452 0.0051 	30
8:	0.0635 0.0000 0.0003 0.3189 0.0081 0.0006 0.1575 0.0000 0.0077 0.0015 0.0000 0.0765 0.0000 0.0435 0.1412 0.0785 0.0627 0.0395 	30
9:	0.0026 0.0042 0.4427 0.0000 0.0099 0.4849 0.0000 0.0072 0.0000 0.0000 0.0197 0.0031 0.0077 0.0000 0.0041 0.0000 0.0044 0.0097 	28
10:	0.0000 0.0031 0.0667 0.0086 0.0068 0.8256 0.0000 0.0145 0.0037 0.0016 0.0192 0.0027 0.0196 0.0007 0.0052 0.0000 0.0160 0.0061 	27
11:	0.0042 0.0171 0.1238 0.0000 0.0014 0.1350 0.0000 0.0051 0.0000 0.0000 0.0853 0.0000 0.6230 0.0000 0.0033 0.0003 0.0014 0.0000 	25
12:	0.0000 0.7176 0.0010 0.0001 0.0000 0.0026 0.0000 0.0087 0.0000 0.0000 0.0121 0.0000 0.2579 0.0000 0.0001 0.0000 0.0000 0.0000 	28
13:	0.0000 0.0105 0.0263 0.0000 0.0013 0.0104 0.0000 0.0228 0.0010 0.0000 0.8611 0.0000 0.0628 0.0000 0.0017 0.0000 0.0000 0.0021 	24
14:	0.0000 0.0184 0.4437 0.0000 0.0004 0.2427 0.0000 0.0153 0.0000 0.0000 0.1297 0.0000 0.1483 0.0000 0.0007 0.0000 0.0007 0.0000 	27
15:	0.0000 0.0064 0.0113 0.0001 0.0000 0.0096 0.0000 0.6840 0.0014 0.0000 0.0376 0.0000 0.2431 0.0000 0.0026 0.0000 0.0000 0.0039 	29
16:	0.1544 0.0000 0.0026 0.0350 0.0007 0.0000 0.1027 0.0000 0.0168 0.0321 0.0000 0.0451 0.0024 0.4292 0.0098 0.0197 0.0180 0.1314 	30
17:	0.2426 0.0027 0.0033 0.0090 0.0119 0.0010 0.0035 0.0004 0.0728 0.0848 0.0015 0.0434 0.0142 0.1067 0.0408 0.0794 0.0187 0.2633 	30
18:	0.0257 0.0000 0.0021 0.0043 0.5004 0.0002 0.0180 0.0000 0.0000 0.1266 0.0000 0.1184 0.0000 0.0208 0.0174 0.0159 0.1375 0.0128 	29
19:	0.0866 0.0008 0.0015 0.0326 0.0121 0.0000 0.1404 0.0000 0.0045 0.0384 0.0000 0.1015 0.0011 0.3233 0.0337 0.0251 0.0209 0.1777 	30
