1:	0.2400 0.0029 0.0022 0.0258 0.0347 0.0006 0.1951 0.0048 0.3797 0.0382 0.0040 0.0720 	30
2:	0.3184 0.0005 0.0003 0.0808 0.0038 0.0014 0.3062 0.0086 0.1415 0.0801 0.0006 0.0579 	30
3:	0.3360 0.0000 0.0019 0.3014 0.0155 0.0001 0.2049 0.0303 0.0068 0.0574 0.0000 0.0457 	30
4:	0.1201 0.0019 0.0047 0.2679 0.0208 0.0001 0.1588 0.0140 0.0648 0.2452 0.0017 0.0996 	22
5:	0.1857 0.0000 0.0023 0.4482 0.0043 0.0004 0.2076 0.0280 0.0322 0.0494 0.0000 0.0418 	30
6:	0.0751 0.0020 0.0068 0.0717 0.0172 0.0009 0.1903 0.0123 0.4404 0.1498 0.0051 0.0283 	30
7:	0.2033 0.0005 0.0068 0.3883 0.0120 0.0011 0.0662 0.0178 0.1092 0.1319 0.0014 0.0616 	30
8:	0.2650 0.0003 0.0005 0.2708 0.0115 0.0024 0.2618 0.0281 0.0375 0.0227 0.0004 0.0990 	30
9:	0.0054 0.0043 0.4344 0.0039 0.0126 0.4901 0.0168 0.0083 0.0000 0.0005 0.0204 0.0033 	28
10:	0.0005 0.0040 0.0779 0.0153 0.0099 0.8347 0.0078 0.0158 0.0061 0.0018 0.0220 0.0044 	27
11:	0.0015 0.0272 0.6938 0.0006 0.0041 0.1445 0.0000 0.0356 0.0064 0.0001 0.0829 0.0033 	25
12:	0.0000 0.7417 0.1663 0.0000 0.0000 0.0032 0.0000 0.0728 0.0011 0.0000 0.0145 0.0003 	28
13:	0.0000 0.0472 0.0783 0.0000 0.0063 0.0281 0.0000 0.0140 0.0031 0.0000 0.8223 0.0006 	24
14:	0.0012 0.0207 0.5787 0.0005 0.0004 0.2579 0.0002 0.0147 0.0004 0.0006 0.1228 0.0019 	27
15:	0.0000 0.0068 0.1184 0.0000 0.0009 0.0119 0.0037 0.5704 0.0009 0.0000 0.2862 0.0007 	29
16:	0.4546 0.0010 0.0093 0.0301 0.0035 0.0005 0.2385 0.0049 0.0290 0.0410 0.0003 0.1873 	30
17:	0.3382 0.0046 0.0123 0.0482 0.0215 0.0048 0.2034 0.0059 0.1140 0.0894 0.0019 0.1557 	30
18:	0.0607 0.0000 0.0031 0.1338 0.5078 0.0001 0.0495 0.0009 0.0024 0.1345 0.0002 0.1071 	29
19:	0.3172 0.0016 0.0058 0.0447 0.0154 0.0005 0.3803 0.0065 0.0268 0.0435 0.0005 0.1572 	30
