1:	0.2550 0.0063 0.0554 0.2810 0.1752 0.0035 0.1906 0.0330 	55
2:	0.2306 0.0007 0.2018 0.2998 0.0413 0.0017 0.1970 0.0270 	45
3:	0.1358 0.0024 0.1529 0.3984 0.0455 0.0008 0.2285 0.0358 	60
4:	0.1485 0.0000 0.1560 0.4199 0.0004 0.0000 0.2417 0.0336 	59
5:	0.0000 0.4712 0.0009 0.0000 0.0063 0.4139 0.0000 0.1076 	30
6:	0.0000 0.4496 0.0005 0.0000 0.0109 0.4364 0.0000 0.1026 	27
7:	0.0000 0.5257 0.0004 0.0000 0.0047 0.3737 0.0001 0.0954 	30
8:	0.0000 0.5036 0.0006 0.0000 0.0057 0.4068 0.0000 0.0833 	28
9:	0.0000 0.5433 0.0004 0.0000 0.0062 0.3805 0.0000 0.0695 	30
10:	0.0000 0.6117 0.0009 0.0000 0.0071 0.3316 0.0000 0.0486 	28
11:	0.0033 0.4751 0.0005 0.0000 0.0083 0.4458 0.0001 0.0669 	30
12:	0.7490 0.0075 0.0025 0.0051 0.1833 0.0041 0.0086 0.0399 	30
13:	0.7253 0.0033 0.0022 0.0882 0.1186 0.0053 0.0452 0.0119 	30
14:	0.9966 0.0000 0.0000 0.0006 0.0000 0.0000 0.0029 0.0000 	2
15:	0.8164 0.0038 0.0015 0.0055 0.1554 0.0050 0.0074 0.0050 	30
16:	0.7175 0.0019 0.0370 0.0383 0.1335 0.0051 0.0081 0.0586 	30
