1:	0.2360 0.0026 0.0041 0.0295 0.0350 0.0006 0.1952 0.0006 0.3735 0.0324 0.0041 0.0797 0.0065 	30
2:	0.3319 0.0005 0.0015 0.0794 0.0017 0.0015 0.3050 0.0005 0.1386 0.0673 0.0003 0.0707 0.0010 	30
3:	0.3763 0.0000 0.0036 0.3147 0.0145 0.0001 0.2065 0.0003 0.0065 0.0410 0.0000 0.0365 0.0000 	30
4:	0.1410 0.0018 0.0034 0.2941 0.0148 0.0000 0.1611 0.0019 0.0751 0.2403 0.0012 0.0601 0.0051 	22
5:	0.2202 0.0000 0.0038 0.4678 0.0038 0.0000 0.2164 0.0000 0.0317 0.0343 0.0000 0.0203 0.0016 	30
6:	0.0907 0.0012 0.0073 0.0746 0.0129 0.0008 0.1935 0.0006 0.4408 0.1452 0.0062 0.0187 0.0075 	30
7:	0.2408 0.0005 0.0053 0.4061 0.0097 0.0011 0.0687 0.0016 0.1118 0.1173 0.0011 0.0283 0.0076 	30
8:	0.2951 0.0001 0.0014 0.2991 0.0130 0.0028 0.2664 0.0024 0.0488 0.0061 0.0001 0.0641 0.0007 	30
9:	0.0001 0.0042 0.4454 0.0038 0.0138 0.4875 0.0104 0.0072 0.0000 0.0000 0.0189 0.0006 0.0081 	28
10:	0.0001 0.0033 0.0683 0.0147 0.0105 0.8313 0.0066 0.0153 0.0054 0.0013 0.0183 0.0026 0.0222 	27
11:	0.0017 0.0177 0.1378 0.0001 0.0025 0.1363 0.0000 0.0052 0.0002 0.0000 0.0850 0.0022 0.6113 	25
12:	0.0000 0.7171 0.0011 0.0000 0.0000 0.0027 0.0000 0.0088 0.0000 0.0000 0.0122 0.0114 0.2467 	28
13:	0.0000 0.0109 0.0273 0.0000 0.0014 0.0103 0.0000 0.0235 0.0005 0.0000 0.8616 0.0013 0.0632 	24
14:	0.0000 0.0186 0.4412 0.0000 0.0003 0.2418 0.0000 0.0159 0.0000 0.0000 0.1301 0.0019 0.1502 	27
15:	0.0000 0.0070 0.0108 0.0000 0.0013 0.0095 0.0031 0.6782 0.0007 0.0000 0.0370 0.0265 0.2259 	29
16:	0.4139 0.0004 0.0080 0.0316 0.0029 0.0003 0.2306 0.0003 0.0284 0.0347 0.0004 0.2420 0.0066 	30
17:	0.3137 0.0045 0.0060 0.0501 0.0210 0.0032 0.1955 0.0008 0.1084 0.0869 0.0023 0.1913 0.0162 	30
18:	0.0557 0.0000 0.0021 0.1424 0.5067 0.0000 0.0443 0.0000 0.0030 0.1370 0.0002 0.1057 0.0028 	29
19:	0.2884 0.0014 0.0038 0.0450 0.0141 0.0003 0.3715 0.0007 0.0287 0.0393 0.0004 0.2012 0.0052 	30
