1:	0.0697 0.0000 0.0554 0.1027 0.1768 0.0000 0.1826 0.0000 0.0004 0.2909 0.0015 0.0000 0.0007 0.0000 0.0873 0.0010 0.0309 	55
2:	0.0488 0.0000 0.2012 0.0913 0.0437 0.0000 0.2135 0.0003 0.0002 0.2962 0.0000 0.0005 0.0000 0.0000 0.0895 0.0000 0.0149 	45
3:	0.0457 0.0000 0.1528 0.0425 0.0446 0.0006 0.2627 0.0010 0.0042 0.3836 0.0005 0.0002 0.0000 0.0000 0.0470 0.0000 0.0147 	60
4:	0.0234 0.0000 0.1558 0.0699 0.0001 0.0000 0.2935 0.0000 0.0021 0.3858 0.0000 0.0000 0.0000 0.0000 0.0481 0.0000 0.0213 	59
5:	0.0000 0.1498 0.0000 0.0000 0.0010 0.0876 0.0000 0.1267 0.0008 0.0000 0.0893 0.1547 0.2171 0.0918 0.0000 0.0812 0.0000 	30
6:	0.0000 0.1411 0.0000 0.0000 0.0014 0.1626 0.0000 0.1379 0.0000 0.0000 0.1541 0.1052 0.1430 0.0861 0.0000 0.0686 0.0000 	27
7:	0.0000 0.1492 0.0000 0.0000 0.0000 0.1825 0.0000 0.0928 0.0003 0.0000 0.1054 0.1012 0.1606 0.1192 0.0000 0.0887 0.0000 	30
8:	0.0000 0.1696 0.0000 0.0000 0.0011 0.1326 0.0000 0.0279 0.0001 0.0000 0.0537 0.0966 0.1656 0.1345 0.0000 0.2184 0.0000 	28
9:	0.0000 0.1703 0.0000 0.0000 0.0009 0.1532 0.0000 0.1098 0.0007 0.0000 0.1540 0.1199 0.1155 0.0966 0.0000 0.0790 0.0000 	30
10:	0.0000 0.1454 0.0000 0.0000 0.0012 0.2331 0.0000 0.0913 0.0011 0.0000 0.1141 0.1094 0.1286 0.0891 0.0000 0.0867 0.0000 	28
11:	0.0003 0.1193 0.0000 0.0006 0.0023 0.1641 0.0000 0.1363 0.0014 0.0000 0.1245 0.1117 0.0776 0.1574 0.0000 0.1034 0.0010 	30
12:	0.3347 0.0014 0.0000 0.1639 0.1529 0.0017 0.0034 0.0000 0.0717 0.0005 0.0028 0.0023 0.0015 0.0000 0.1089 0.0000 0.1544 	30
13:	0.2400 0.0014 0.0012 0.1172 0.1174 0.0000 0.0480 0.0020 0.0093 0.0774 0.0004 0.0012 0.0000 0.0000 0.2653 0.0023 0.1168 	30
14:	0.7500 0.0000 0.0000 0.0000 0.0000 0.0000 0.0000 0.0000 0.0000 0.0000 0.0000 0.0000 0.0000 0.0000 0.2500 0.0000 0.0000 	2
15:	0.3619 0.0000 0.0008 0.1095 0.1648 0.0004 0.0005 0.0000 0.0011 0.0010 0.0000 0.0000 0.0000 0.0008 0.2248 0.0000 0.1344 	30
16:	0.0886 0.0024 0.0339 0.4340 0.0827 0.0000 0.0199 0.0018 0.1102 0.0136 0.0000 0.0029 0.0000 0.0000 0.1289 0.0000 0.0811 	30
