1:	0.2050 0.0021 0.0555 0.2751 0.1751 0.0020 0.1189 0.0020 0.0434 0.0546 0.0612 0.0051 	55
2:	0.1673 0.0000 0.2010 0.2797 0.0411 0.0022 0.1071 0.0001 0.0494 0.0674 0.0835 0.0012 	45
3:	0.0935 0.0006 0.1525 0.3863 0.0443 0.0011 0.1659 0.0006 0.0483 0.0452 0.0601 0.0013 	60
4:	0.1183 0.0000 0.1560 0.4008 0.0005 0.0001 0.1709 0.0000 0.0531 0.0339 0.0665 0.0000 	59
5:	0.0000 0.1912 0.0002 0.0000 0.0027 0.1818 0.0259 0.2616 0.0012 0.0000 0.1224 0.2131 	30
6:	0.0000 0.2478 0.0001 0.0000 0.0042 0.2069 0.0594 0.1977 0.0009 0.0000 0.1038 0.1793 	27
7:	0.0000 0.2150 0.0000 0.0000 0.0007 0.1894 0.0339 0.2457 0.0005 0.0000 0.1231 0.1917 	30
8:	0.0000 0.1975 0.0000 0.0000 0.0032 0.2678 0.0099 0.1858 0.0007 0.0000 0.1370 0.1982 	28
9:	0.0000 0.2596 0.0002 0.0000 0.0036 0.2464 0.0213 0.1752 0.0007 0.0000 0.1121 0.1809 	30
10:	0.0000 0.2455 0.0003 0.0000 0.0037 0.1666 0.0081 0.1999 0.0014 0.0000 0.1221 0.2523 	28
11:	0.0001 0.1627 0.0001 0.0000 0.0035 0.3515 0.0143 0.1533 0.0013 0.0018 0.0872 0.2242 	30
12:	0.3089 0.0048 0.0017 0.0021 0.1741 0.0022 0.0041 0.0015 0.0446 0.4480 0.0044 0.0035 	30
13:	0.3778 0.0009 0.0013 0.0911 0.1154 0.0051 0.0276 0.0026 0.0143 0.3549 0.0072 0.0019 	30
14:	0.1986 0.0000 0.0000 0.0000 0.0000 0.0000 0.0001 0.0000 0.0000 0.8013 0.0000 0.0000 	2
15:	0.3416 0.0021 0.0008 0.0021 0.1544 0.0016 0.0022 0.0011 0.0017 0.4852 0.0048 0.0024 	30
16:	0.5961 0.0000 0.0360 0.0359 0.1220 0.0028 0.0028 0.0054 0.0679 0.1288 0.0012 0.0010 	30
