1:	0.2546 0.0133 0.0558 0.4181 0.1639 0.0091 0.0853 	55
2:	0.2338 0.0028 0.2021 0.4343 0.0392 0.0028 0.0849 	45
3:	0.1380 0.0042 0.1535 0.5570 0.0449 0.0017 0.1007 	60
4:	0.1516 0.0000 0.1568 0.5770 0.0017 0.0001 0.1127 	59
5:	0.0000 0.5026 0.0010 0.0000 0.0075 0.3792 0.1098 	30
6:	0.0000 0.4291 0.0006 0.0000 0.0103 0.4601 0.1000 	27
7:	0.0000 0.5235 0.0005 0.0000 0.0040 0.3601 0.1119 	30
8:	0.0000 0.5342 0.0007 0.0000 0.0054 0.3674 0.0921 	28
9:	0.0000 0.5167 0.0005 0.0000 0.0058 0.3749 0.1021 	30
10:	0.0000 0.5605 0.0007 0.0000 0.0062 0.3349 0.0977 	28
11:	0.0032 0.4460 0.0006 0.0001 0.0076 0.4537 0.0889 	30
12:	0.7518 0.0130 0.0045 0.0060 0.2057 0.0065 0.0125 	30
13:	0.7275 0.0066 0.0023 0.1071 0.1166 0.0096 0.0303 	30
14:	0.9986 0.0000 0.0000 0.0006 0.0000 0.0000 0.0008 	2
15:	0.8196 0.0100 0.0016 0.0047 0.1478 0.0084 0.0079 	30
16:	0.7207 0.0073 0.0396 0.0347 0.1742 0.0046 0.0189 	30
