1:	0.5721 0.0119 0.0889 0.0525 0.0471 0.0019 0.2176 0.0081 	30
2:	0.4745 0.0003 0.0291 0.0959 0.0399 0.0032 0.3531 0.0039 	30
3:	0.3437 0.0000 0.0042 0.3696 0.0379 0.0010 0.2428 0.0007 	30
4:	0.2023 0.0033 0.0350 0.3677 0.1427 0.0078 0.2314 0.0098 	22
5:	0.2055 0.0000 0.0077 0.5199 0.0215 0.0052 0.2395 0.0008 	30
6:	0.4134 0.0128 0.1279 0.1096 0.0980 0.0092 0.2148 0.0141 	30
7:	0.3419 0.0063 0.0173 0.4562 0.0707 0.0077 0.0910 0.0088 	30
8:	0.3002 0.0002 0.0145 0.3721 0.0128 0.0037 0.2911 0.0054 	30
9:	0.0069 0.0095 0.4377 0.0059 0.0094 0.5007 0.0179 0.0120 	28
10:	0.0037 0.0096 0.0848 0.0208 0.0062 0.8488 0.0079 0.0181 	27
11:	0.0020 0.0735 0.7297 0.0014 0.0005 0.1683 0.0000 0.0246 	25
12:	0.0000 0.7432 0.2355 0.0014 0.0000 0.0030 0.0000 0.0170 	28
13:	0.0000 0.4852 0.0781 0.0005 0.0106 0.1317 0.0000 0.2939 	24
14:	0.0015 0.0797 0.5810 0.0000 0.0000 0.2984 0.0001 0.0393 	27
15:	0.0000 0.0095 0.2289 0.0005 0.0001 0.0158 0.0035 0.7415 	29
16:	0.5832 0.0010 0.0275 0.0513 0.0203 0.0031 0.3135 0.0001 	30
17:	0.5250 0.0050 0.0532 0.0748 0.0607 0.0171 0.2584 0.0058 	30
18:	0.0900 0.0008 0.0247 0.2003 0.5971 0.0010 0.0853 0.0008 	29
19:	0.3950 0.0023 0.0242 0.0693 0.0369 0.0029 0.4687 0.0006 	30
