1:	0.1173 0.0021 0.0018 0.1235 0.0261 0.0000 0.1604 0.0005 0.3508 0.0272 0.0042 0.0482 0.0042 0.0028 0.0215 0.0174 0.0016 0.0287 0.0618 	30
2:	0.0754 0.0000 0.0003 0.1611 0.0015 0.0005 0.2179 0.0003 0.1066 0.0621 0.0000 0.1286 0.0007 0.0039 0.0128 0.0494 0.0014 0.0129 0.1646 	30
3:	0.0252 0.0000 0.0009 0.2495 0.0126 0.0001 0.1382 0.0000 0.0021 0.0353 0.0000 0.0864 0.0002 0.0031 0.0562 0.2298 0.0000 0.0274 0.1329 	30
4:	0.0110 0.0003 0.0011 0.0261 0.0125 0.0000 0.1032 0.0014 0.0196 0.2204 0.0001 0.0762 0.0023 0.0162 0.1495 0.1515 0.0018 0.0306 0.1761 	22
5:	0.0104 0.0000 0.0013 0.0500 0.0004 0.0004 0.1591 0.0001 0.0113 0.0331 0.0000 0.0664 0.0002 0.0065 0.0272 0.3458 0.0005 0.0589 0.2284 	30
6:	0.0076 0.0003 0.0005 0.0385 0.0125 0.0010 0.1546 0.0005 0.3817 0.1334 0.0042 0.0381 0.0049 0.0082 0.0556 0.0426 0.0120 0.0099 0.0940 	30
7:	0.0250 0.0000 0.0024 0.0363 0.0029 0.0000 0.0522 0.0003 0.0588 0.1027 0.0000 0.0143 0.0033 0.0094 0.0489 0.2613 0.0022 0.0937 0.2861 	30
8:	0.0262 0.0000 0.0005 0.1822 0.0019 0.0004 0.2112 0.0002 0.0102 0.0016 0.0001 0.0719 0.0004 0.0105 0.1417 0.1603 0.0008 0.0593 0.1207 	30
9:	0.0000 0.0036 0.4288 0.0053 0.0024 0.4009 0.0051 0.0063 0.0000 0.0000 0.0127 0.0052 0.0137 0.0862 0.0000 0.0020 0.0038 0.0240 0.0000 	28
10:	0.0006 0.0006 0.0429 0.0094 0.0032 0.4919 0.0045 0.0116 0.0019 0.0011 0.0151 0.0017 0.0207 0.3101 0.0011 0.0052 0.0058 0.0724 0.0002 	27
11:	0.0000 0.0174 0.0506 0.0048 0.0003 0.0946 0.0000 0.0055 0.0000 0.0000 0.0675 0.0000 0.6841 0.0523 0.0000 0.0001 0.0095 0.0133 0.0001 	25
12:	0.0000 0.7047 0.0009 0.0433 0.0000 0.0009 0.0000 0.0090 0.0000 0.0000 0.0095 0.0000 0.1017 0.0270 0.0000 0.0001 0.0992 0.0036 0.0000 	28
13:	0.0000 0.0116 0.0179 0.0043 0.0000 0.0111 0.0000 0.0248 0.0002 0.0000 0.8424 0.0000 0.0503 0.0101 0.0000 0.0000 0.0132 0.0140 0.0000 	24
14:	0.0001 0.0164 0.3796 0.0086 0.0001 0.2176 0.0000 0.0172 0.0000 0.0000 0.0929 0.0000 0.1739 0.0613 0.0008 0.0001 0.0135 0.0177 0.0000 	27
15:	0.0000 0.0051 0.0036 0.0001 0.0001 0.0097 0.0027 0.6144 0.0000 0.0000 0.0215 0.0003 0.0002 0.0251 0.0000 0.0002 0.3144 0.0026 0.0000 	29
16:	0.4316 0.0000 0.0034 0.1145 0.0002 0.0000 0.1805 0.0001 0.0136 0.0339 0.0000 0.0855 0.0041 0.0023 0.0191 0.0187 0.0041 0.0112 0.0772 	30
17:	0.3058 0.0011 0.0029 0.1066 0.0058 0.0012 0.1503 0.0003 0.0768 0.0816 0.0020 0.0642 0.0110 0.0087 0.0147 0.0263 0.0049 0.0588 0.0770 	30
18:	0.0259 0.0000 0.0021 0.0161 0.5032 0.0000 0.0239 0.0000 0.0000 0.1089 0.0000 0.1056 0.0000 0.0177 0.0006 0.0636 0.0000 0.0933 0.0392 	29
19:	0.3002 0.0003 0.0024 0.0897 0.0146 0.0002 0.2965 0.0002 0.0083 0.0344 0.0000 0.1182 0.0005 0.0054 0.0369 0.0209 0.0034 0.0090 0.0589 	30
