1:	0.3023 0.0102 0.0038 0.0443 0.0434 0.0014 0.2111 0.3835 	30
2:	0.3845 0.0005 0.0005 0.0857 0.0372 0.0035 0.3360 0.1523 	30
3:	0.3992 0.0000 0.0014 0.3368 0.0356 0.0008 0.2159 0.0104 	30
4:	0.1684 0.0061 0.0048 0.3203 0.1349 0.0078 0.2157 0.1420 	22
5:	0.2228 0.0000 0.0027 0.4855 0.0206 0.0052 0.2284 0.0348 	30
6:	0.1132 0.0046 0.0125 0.0828 0.0898 0.0097 0.2111 0.4763 	30
7:	0.2616 0.0035 0.0072 0.4221 0.0670 0.0064 0.0864 0.1457 	30
8:	0.3057 0.0012 0.0000 0.3335 0.0104 0.0042 0.2717 0.0733 	30
9:	0.0078 0.0171 0.4361 0.0064 0.0094 0.5037 0.0185 0.0010 	28
10:	0.0006 0.0177 0.0834 0.0211 0.0066 0.8532 0.0079 0.0095 	27
11:	0.0025 0.0828 0.7306 0.0012 0.0015 0.1735 0.0000 0.0078 	25
12:	0.0000 0.7247 0.2474 0.0059 0.0016 0.0184 0.0000 0.0020 	28
13:	0.0000 0.7803 0.0784 0.0004 0.0118 0.1243 0.0000 0.0047 	24
14:	0.0018 0.1062 0.5887 0.0000 0.0000 0.3018 0.0009 0.0007 	27
15:	0.0000 0.6742 0.2988 0.0004 0.0009 0.0157 0.0059 0.0041 	29
16:	0.5659 0.0010 0.0175 0.0458 0.0193 0.0023 0.2850 0.0632 	30
17:	0.4375 0.0047 0.0228 0.0683 0.0572 0.0176 0.2368 0.1550 	30
18:	0.1123 0.0003 0.0190 0.1915 0.5811 0.0007 0.0706 0.0246 	29
19:	0.4068 0.0024 0.0105 0.0578 0.0349 0.0029 0.4241 0.0606 	30
