1:	0.2184 0.0035 0.0042 0.0387 0.0397 0.0006 0.2001 0.0003 0.3541 0.1231 0.0083 0.0088 	30
2:	0.2056 0.0006 0.0021 0.0697 0.0338 0.0015 0.3220 0.0014 0.1360 0.2248 0.0013 0.0011 	30
3:	0.1531 0.0000 0.0034 0.2919 0.0323 0.0001 0.2140 0.0002 0.0072 0.2974 0.0004 0.0000 	30
4:	0.0454 0.0019 0.0040 0.2676 0.1218 0.0039 0.1973 0.0052 0.1012 0.2436 0.0025 0.0055 	22
5:	0.0566 0.0000 0.0027 0.4342 0.0187 0.0049 0.2177 0.0000 0.0306 0.2330 0.0000 0.0016 	30
6:	0.0285 0.0018 0.0074 0.0640 0.0810 0.0046 0.2021 0.0018 0.4568 0.1310 0.0091 0.0118 	30
7:	0.0687 0.0011 0.0056 0.3809 0.0587 0.0030 0.0760 0.0031 0.1256 0.2663 0.0034 0.0076 	30
8:	0.1141 0.0000 0.0013 0.2809 0.0081 0.0029 0.2697 0.0022 0.0553 0.2642 0.0002 0.0011 	30
9:	0.0004 0.0044 0.4454 0.0074 0.0079 0.4853 0.0109 0.0080 0.0000 0.0000 0.0225 0.0078 	28
10:	0.0009 0.0030 0.0695 0.0173 0.0050 0.8316 0.0069 0.0157 0.0046 0.0032 0.0216 0.0207 	27
11:	0.0030 0.0170 0.1765 0.0007 0.0001 0.1363 0.0000 0.0051 0.0004 0.0001 0.0890 0.5719 	25
12:	0.0000 0.7161 0.0010 0.0000 0.0000 0.0027 0.0000 0.0086 0.0000 0.0001 0.0127 0.2589 	28
13:	0.0000 0.0106 0.0300 0.0000 0.0009 0.0100 0.0000 0.0242 0.0006 0.0000 0.8605 0.0633 	24
14:	0.0006 0.0188 0.4526 0.0000 0.0005 0.2402 0.0000 0.0165 0.0000 0.0002 0.1309 0.1397 	27
15:	0.0000 0.0066 0.0114 0.0004 0.0000 0.0093 0.0031 0.6775 0.0009 0.0001 0.0393 0.2514 	29
16:	0.4892 0.0003 0.0076 0.0365 0.0179 0.0008 0.2391 0.0003 0.0377 0.1640 0.0004 0.0060 	30
17:	0.3910 0.0048 0.0056 0.0661 0.0536 0.0133 0.1994 0.0028 0.1193 0.1261 0.0023 0.0157 	30
18:	0.0993 0.0000 0.0076 0.1947 0.5623 0.0004 0.0527 0.0000 0.0073 0.0680 0.0005 0.0073 	29
19:	0.3681 0.0019 0.0036 0.0500 0.0333 0.0017 0.3690 0.0008 0.0340 0.1313 0.0010 0.0054 	30
