1:	0.0511 0.0003 0.0477 0.1687 0.1798 0.0010 0.0979 0.0006 0.0002 0.2075 0.1003 0.0000 0.0847 0.0000 0.0601 	55
2:	0.0782 0.0000 0.1814 0.1333 0.0441 0.0001 0.1034 0.0001 0.0001 0.1876 0.1259 0.0000 0.1082 0.0002 0.0375 	45
3:	0.0462 0.0004 0.1458 0.0660 0.0454 0.0003 0.1375 0.0000 0.0039 0.2412 0.1579 0.0004 0.1129 0.0002 0.0419 	60
4:	0.0359 0.0000 0.1371 0.0969 0.0000 0.0000 0.1582 0.0000 0.0013 0.2338 0.1555 0.0000 0.1407 0.0000 0.0404 	59
5:	0.0000 0.1958 0.0000 0.0000 0.0016 0.2163 0.0000 0.2550 0.0015 0.0000 0.0000 0.2006 0.0179 0.1112 0.0000 	30
6:	0.0000 0.1815 0.0001 0.0000 0.0040 0.2117 0.0000 0.2195 0.0014 0.0000 0.0000 0.1438 0.0187 0.2194 0.0000 	27
7:	0.0000 0.2111 0.0001 0.0000 0.0004 0.1199 0.0000 0.2952 0.0004 0.0000 0.0000 0.1522 0.0171 0.2036 0.0000 	30
8:	0.0000 0.1440 0.0001 0.0000 0.0023 0.2184 0.0000 0.2528 0.0012 0.0000 0.0000 0.2096 0.0207 0.1509 0.0000 	28
9:	0.0000 0.2927 0.0002 0.0000 0.0023 0.1832 0.0000 0.1343 0.0013 0.0000 0.0000 0.1640 0.0371 0.1850 0.0000 	30
10:	0.0000 0.2689 0.0001 0.0000 0.0049 0.1254 0.0000 0.2123 0.0018 0.0000 0.0000 0.1640 0.0229 0.1996 0.0000 	28
11:	0.0014 0.1532 0.0002 0.0003 0.0032 0.2216 0.0001 0.1639 0.0021 0.0000 0.0000 0.2014 0.0166 0.2356 0.0004 	30
12:	0.4508 0.0007 0.0000 0.2357 0.1558 0.0008 0.0023 0.0024 0.0719 0.0033 0.0044 0.0020 0.0012 0.0010 0.0676 	30
13:	0.3657 0.0009 0.0008 0.3062 0.1199 0.0023 0.0328 0.0002 0.0091 0.0401 0.0297 0.0005 0.0325 0.0008 0.0584 	30
14:	0.6825 0.0000 0.0000 0.2531 0.0000 0.0000 0.0018 0.0000 0.0000 0.0000 0.0000 0.0000 0.0014 0.0000 0.0612 	2
15:	0.4870 0.0001 0.0008 0.2843 0.1648 0.0001 0.0037 0.0003 0.0018 0.0020 0.0020 0.0003 0.0010 0.0004 0.0514 	30
16:	0.1359 0.0010 0.0273 0.4962 0.0855 0.0005 0.0203 0.0020 0.1102 0.0061 0.0038 0.0007 0.0199 0.0000 0.0907 	30
