1:	0.0225 0.0000 0.0557 0.1154 0.1871 0.0000 0.1103 0.0014 0.0007 0.3761 0.1294 0.0000 0.0009 0.0005 	55
2:	0.0439 0.0000 0.2014 0.1069 0.0436 0.0009 0.1393 0.0000 0.0004 0.3710 0.0926 0.0000 0.0000 0.0000 	45
3:	0.0359 0.0002 0.1526 0.0581 0.0448 0.0005 0.1835 0.0000 0.0042 0.4635 0.0556 0.0007 0.0000 0.0004 	60
4:	0.0262 0.0000 0.1560 0.0733 0.0000 0.0001 0.1706 0.0000 0.0024 0.5070 0.0643 0.0000 0.0000 0.0000 	59
5:	0.0000 0.2413 0.0000 0.0000 0.0016 0.1148 0.0000 0.1827 0.0011 0.0000 0.0000 0.1418 0.2071 0.1096 	30
6:	0.0000 0.1428 0.0000 0.0000 0.0025 0.2014 0.0000 0.1567 0.0005 0.0000 0.0000 0.1321 0.1565 0.2074 	27
7:	0.0000 0.1747 0.0000 0.0000 0.0003 0.1194 0.0000 0.2573 0.0008 0.0000 0.0000 0.1419 0.0995 0.2060 	30
8:	0.0000 0.1840 0.0001 0.0000 0.0022 0.1418 0.0000 0.2039 0.0009 0.0000 0.0000 0.1497 0.1633 0.1541 	28
9:	0.0000 0.2047 0.0002 0.0000 0.0026 0.1542 0.0000 0.1254 0.0009 0.0000 0.0000 0.1721 0.1217 0.2183 	30
10:	0.0000 0.2351 0.0002 0.0000 0.0041 0.0862 0.0000 0.1765 0.0016 0.0000 0.0000 0.1291 0.0690 0.2982 	28
11:	0.0022 0.1864 0.0000 0.0002 0.0020 0.1591 0.0000 0.1868 0.0014 0.0000 0.0000 0.1222 0.1727 0.1669 	30
12:	0.3801 0.0013 0.0002 0.1616 0.1546 0.0001 0.0037 0.0028 0.0715 0.0015 0.2188 0.0019 0.0000 0.0020 	30
13:	0.2856 0.0004 0.0010 0.2975 0.1200 0.0001 0.0618 0.0000 0.0093 0.0644 0.1560 0.0022 0.0018 0.0000 	30
14:	0.7177 0.0000 0.0000 0.1374 0.0000 0.0000 0.0000 0.0000 0.0000 0.0000 0.1449 0.0000 0.0000 0.0000 	2
15:	0.4194 0.0000 0.0008 0.2838 0.1647 0.0000 0.0025 0.0001 0.0015 0.0004 0.1260 0.0000 0.0000 0.0009 	30
16:	0.0595 0.0000 0.0338 0.3615 0.0827 0.0000 0.0132 0.0028 0.1105 0.0205 0.3114 0.0023 0.0017 0.0000 	30
