1:	0.0358 0.0937 0.0550 0.1207 0.1682 0.0000 0.0556 0.0000 0.0000 0.0824 0.1588 0.0010 0.0000 0.0010 0.0816 0.0948 0.0515 	55
2:	0.0783 0.1271 0.2002 0.0981 0.0444 0.0000 0.0870 0.0000 0.0000 0.0882 0.1325 0.0000 0.0000 0.0000 0.0926 0.0515 0.0000 	45
3:	0.0296 0.1855 0.1513 0.0560 0.0453 0.0000 0.0707 0.0009 0.0037 0.1386 0.2072 0.0000 0.0000 0.0000 0.0643 0.0457 0.0011 	60
4:	0.0291 0.1394 0.1545 0.0721 0.0000 0.0000 0.0902 0.0000 0.0016 0.1039 0.2492 0.0000 0.0000 0.0000 0.1142 0.0447 0.0010 	59
5:	0.0000 0.0000 0.0000 0.0000 0.0013 0.1703 0.0000 0.1094 0.0021 0.0000 0.0000 0.2385 0.2087 0.2696 0.0000 0.0000 0.0000 	30
6:	0.0000 0.0000 0.0000 0.0000 0.0021 0.1101 0.0000 0.3336 0.0021 0.0000 0.0000 0.2161 0.1029 0.2331 0.0000 0.0000 0.0000 	27
7:	0.0000 0.0000 0.0000 0.0000 0.0000 0.1348 0.0000 0.2929 0.0018 0.0000 0.0000 0.2588 0.1604 0.1514 0.0000 0.0000 0.0000 	30
8:	0.0000 0.0000 0.0000 0.0000 0.0020 0.1809 0.0000 0.2400 0.0010 0.0000 0.0000 0.2915 0.1182 0.1664 0.0000 0.0000 0.0000 	28
9:	0.0000 0.0000 0.0000 0.0000 0.0023 0.2312 0.0000 0.2739 0.0015 0.0000 0.0000 0.0995 0.1643 0.2272 0.0000 0.0000 0.0000 	30
10:	0.0000 0.0000 0.0004 0.0000 0.0042 0.1145 0.0000 0.3350 0.0019 0.0000 0.0000 0.2359 0.1782 0.1299 0.0000 0.0000 0.0000 	28
11:	0.0014 0.0000 0.0002 0.0002 0.0038 0.2150 0.0004 0.1993 0.0024 0.0000 0.0000 0.2421 0.1664 0.1688 0.0000 0.0000 0.0000 	30
12:	0.3451 0.0059 0.0000 0.1805 0.1570 0.0000 0.0000 0.0039 0.0711 0.0012 0.0007 0.0000 0.0025 0.0000 0.0000 0.2301 0.0019 	30
13:	0.2953 0.0169 0.0006 0.3127 0.1212 0.0000 0.0175 0.0029 0.0080 0.0757 0.0062 0.0000 0.0000 0.0009 0.0171 0.1250 0.0000 	30
14:	0.7782 0.0000 0.0000 0.2198 0.0000 0.0000 0.0000 0.0000 0.0000 0.0000 0.0000 0.0000 0.0000 0.0000 0.0000 0.0019 0.0000 	2
15:	0.4253 0.0003 0.0003 0.2889 0.1651 0.0003 0.0035 0.0000 0.0016 0.0017 0.0010 0.0000 0.0000 0.0000 0.0000 0.1112 0.0008 	30
16:	0.0619 0.0007 0.0337 0.4026 0.0870 0.0000 0.0013 0.0000 0.1098 0.0338 0.0000 0.0015 0.0000 0.0017 0.0004 0.2657 0.0000 	30
