1:	0.2332 0.0026 0.0051 0.0151 0.0341 0.0000 0.1856 0.0003 0.3748 0.0299 0.0042 0.0566 0.0118 0.0043 0.0401 0.0024 	30
2:	0.3148 0.0002 0.0006 0.0761 0.0019 0.0000 0.2825 0.0006 0.1362 0.0653 0.0003 0.0914 0.0011 0.0048 0.0223 0.0019 	30
3:	0.3424 0.0000 0.0025 0.2880 0.0137 0.0001 0.1970 0.0001 0.0033 0.0390 0.0000 0.0338 0.0002 0.0006 0.0791 0.0000 	30
4:	0.1039 0.0011 0.0022 0.2238 0.0132 0.0000 0.1496 0.0020 0.0466 0.2388 0.0003 0.0357 0.0036 0.0019 0.1744 0.0029 	22
5:	0.1562 0.0000 0.0025 0.4736 0.0021 0.0008 0.2169 0.0001 0.0359 0.0342 0.0000 0.0210 0.0019 0.0011 0.0525 0.0012 	30
6:	0.0502 0.0002 0.0020 0.0622 0.0130 0.0014 0.1915 0.0001 0.4420 0.1418 0.0058 0.0062 0.0084 0.0033 0.0573 0.0146 	30
7:	0.1582 0.0001 0.0037 0.4136 0.0080 0.0003 0.0744 0.0010 0.1381 0.1116 0.0000 0.0123 0.0052 0.0070 0.0628 0.0038 	30
8:	0.2602 0.0000 0.0012 0.2257 0.0095 0.0001 0.2642 0.0000 0.0132 0.0020 0.0000 0.0317 0.0009 0.0054 0.1847 0.0011 	30
9:	0.0000 0.0035 0.4386 0.0039 0.0096 0.3607 0.0089 0.0076 0.0000 0.0000 0.0131 0.0000 0.0147 0.1363 0.0000 0.0030 	28
10:	0.0000 0.0000 0.0480 0.0091 0.0025 0.4215 0.0055 0.0115 0.0022 0.0015 0.0179 0.0000 0.0203 0.4520 0.0014 0.0068 	27
11:	0.0000 0.0184 0.0543 0.0000 0.0017 0.0936 0.0000 0.0059 0.0000 0.0000 0.0737 0.0000 0.6831 0.0590 0.0006 0.0097 	25
12:	0.0000 0.7150 0.0012 0.0000 0.0000 0.0000 0.0000 0.0094 0.0000 0.0000 0.0106 0.0000 0.1212 0.0089 0.0000 0.1338 	28
13:	0.0000 0.0114 0.0192 0.0000 0.0004 0.0150 0.0000 0.0260 0.0000 0.0000 0.8457 0.0000 0.0577 0.0105 0.0000 0.0141 	24
14:	0.0000 0.0164 0.3859 0.0000 0.0000 0.2251 0.0000 0.0189 0.0000 0.0000 0.0947 0.0000 0.1872 0.0577 0.0001 0.0139 	27
15:	0.0000 0.0059 0.0050 0.0000 0.0008 0.0129 0.0030 0.6318 0.0000 0.0000 0.0225 0.0000 0.0000 0.0009 0.0008 0.3164 	29
16:	0.4507 0.0000 0.0054 0.0186 0.0026 0.0000 0.1941 0.0002 0.0158 0.0343 0.0000 0.2357 0.0064 0.0032 0.0279 0.0052 	30
17:	0.3175 0.0016 0.0039 0.0427 0.0161 0.0011 0.1697 0.0002 0.1060 0.0854 0.0021 0.1859 0.0151 0.0213 0.0252 0.0061 	30
18:	0.0439 0.0000 0.0023 0.1159 0.5015 0.0000 0.0196 0.0000 0.0000 0.1333 0.0003 0.1720 0.0000 0.0000 0.0111 0.0000 	29
19:	0.3134 0.0008 0.0037 0.0305 0.0140 0.0002 0.3127 0.0004 0.0138 0.0367 0.0000 0.2206 0.0024 0.0016 0.0431 0.0060 	30
