1:	0.2514 0.0033 0.0555 0.3325 0.1775 0.0158 0.0874 0.0536 0.0230 	55
2:	0.2279 0.0008 0.2016 0.3417 0.0420 0.0140 0.1077 0.0467 0.0175 	45
3:	0.1334 0.0009 0.1529 0.4358 0.0455 0.0213 0.1289 0.0556 0.0256 	60
4:	0.1463 0.0000 0.1558 0.4477 0.0005 0.0233 0.1463 0.0542 0.0259 	59
5:	0.0000 0.5251 0.0006 0.0000 0.0063 0.2393 0.0461 0.1355 0.0472 	30
6:	0.0000 0.5094 0.0005 0.0000 0.0091 0.2545 0.0455 0.1321 0.0488 	27
7:	0.0000 0.5840 0.0004 0.0000 0.0036 0.1945 0.0460 0.1412 0.0302 	30
8:	0.0000 0.5372 0.0005 0.0000 0.0045 0.2477 0.0643 0.1041 0.0416 	28
9:	0.0000 0.5604 0.0004 0.0000 0.0061 0.2264 0.0437 0.1234 0.0397 	30
10:	0.0000 0.6078 0.0008 0.0000 0.0062 0.1982 0.0381 0.1173 0.0316 	28
11:	0.0025 0.4721 0.0005 0.0001 0.0066 0.3036 0.0609 0.1112 0.0426 	30
12:	0.7433 0.0058 0.0018 0.0052 0.1750 0.0044 0.0091 0.0137 0.0418 	30
13:	0.7197 0.0020 0.0020 0.0880 0.1186 0.0077 0.0366 0.0136 0.0118 	30
14:	0.9871 0.0000 0.0000 0.0010 0.0000 0.0014 0.0092 0.0001 0.0011 	2
15:	0.8082 0.0027 0.0014 0.0064 0.1570 0.0064 0.0077 0.0051 0.0052 	30
16:	0.7112 0.0039 0.0361 0.0280 0.1189 0.0021 0.0187 0.0189 0.0623 	30
