1:	0.2512 0.0110 0.0558 0.3829 0.1791 0.1200 	55
2:	0.2248 0.0023 0.2020 0.3915 0.0426 0.1368 	45
3:	0.1330 0.0029 0.1535 0.5046 0.0470 0.1590 	60
4:	0.1475 0.0000 0.1566 0.5304 0.0011 0.1645 	59
5:	0.0000 0.9818 0.0016 0.0000 0.0141 0.0026 	30
6:	0.0000 0.9790 0.0011 0.0000 0.0176 0.0023 	27
7:	0.0000 0.9892 0.0008 0.0002 0.0083 0.0016 	30
8:	0.0000 0.9872 0.0014 0.0000 0.0094 0.0020 	28
9:	0.0000 0.9855 0.0007 0.0001 0.0117 0.0020 	30
10:	0.0000 0.9861 0.0018 0.0003 0.0104 0.0015 	28
11:	0.0037 0.9801 0.0011 0.0002 0.0121 0.0028 	30
12:	0.6949 0.0108 0.0034 0.0050 0.1950 0.0910 	30
13:	0.6799 0.0086 0.0024 0.1009 0.1224 0.0857 	30
14:	0.9084 0.0000 0.0000 0.0000 0.0000 0.0916 	2
15:	0.7530 0.0076 0.0015 0.0047 0.1598 0.0734 	30
16:	0.7080 0.0068 0.0383 0.0327 0.1478 0.0664 	30
