1:	0.0771 0.0633 0.0549 0.1706 0.1666 0.0000 0.1001 0.0000 0.0002 0.1660 0.0007 0.0007 0.0000 0.0015 0.0879 0.0006 0.0514 0.0584 	55
2:	0.0775 0.1353 0.2006 0.1498 0.0436 0.0000 0.0690 0.0000 0.0000 0.1453 0.0005 0.0000 0.0000 0.0004 0.1156 0.0000 0.0000 0.0624 	45
3:	0.0568 0.1350 0.1515 0.0752 0.0445 0.0000 0.1190 0.0000 0.0037 0.1763 0.0006 0.0005 0.0005 0.0000 0.1875 0.0004 0.0013 0.0472 	60
4:	0.0408 0.1512 0.1547 0.1034 0.0000 0.0000 0.1253 0.0000 0.0014 0.1818 0.0000 0.0000 0.0000 0.0000 0.1740 0.0000 0.0004 0.0670 	59
5:	0.0000 0.0000 0.0000 0.0000 0.0021 0.1512 0.0000 0.0534 0.0003 0.0000 0.1072 0.1812 0.1463 0.1373 0.0000 0.1896 0.0000 0.0314 	30
6:	0.0000 0.0000 0.0000 0.0000 0.0034 0.1251 0.0000 0.1649 0.0005 0.0000 0.1476 0.0935 0.1316 0.1690 0.0000 0.1002 0.0000 0.0641 	27
7:	0.0000 0.0000 0.0000 0.0000 0.0000 0.2334 0.0000 0.1543 0.0003 0.0000 0.1041 0.1511 0.1180 0.0818 0.0000 0.0957 0.0000 0.0612 	30
8:	0.0000 0.0000 0.0002 0.0000 0.0013 0.2005 0.0000 0.1137 0.0008 0.0000 0.1616 0.1130 0.0499 0.1516 0.0000 0.1497 0.0000 0.0577 	28
9:	0.0000 0.0000 0.0000 0.0000 0.0010 0.1332 0.0000 0.1689 0.0005 0.0000 0.0995 0.0923 0.1572 0.1312 0.0000 0.1558 0.0000 0.0605 	30
10:	0.0000 0.0000 0.0000 0.0000 0.0026 0.1560 0.0000 0.2371 0.0009 0.0000 0.0866 0.1242 0.1236 0.0777 0.0000 0.1533 0.0000 0.0379 	28
11:	0.0014 0.0000 0.0000 0.0000 0.0017 0.0959 0.0000 0.1310 0.0005 0.0000 0.2153 0.0702 0.1776 0.0780 0.0000 0.1648 0.0000 0.0636 	30
12:	0.5085 0.0026 0.0000 0.2416 0.1531 0.0014 0.0036 0.0012 0.0725 0.0022 0.0000 0.0008 0.0008 0.0000 0.0029 0.0026 0.0016 0.0045 	30
13:	0.4216 0.0039 0.0009 0.3044 0.1176 0.0000 0.0220 0.0000 0.0088 0.0448 0.0000 0.0000 0.0046 0.0004 0.0650 0.0014 0.0005 0.0040 	30
14:	0.7500 0.0000 0.0000 0.2500 0.0000 0.0000 0.0000 0.0000 0.0000 0.0000 0.0000 0.0000 0.0000 0.0000 0.0000 0.0000 0.0000 0.0000 	2
15:	0.5091 0.0034 0.0011 0.3074 0.1650 0.0000 0.0059 0.0000 0.0016 0.0011 0.0004 0.0000 0.0004 0.0004 0.0015 0.0000 0.0009 0.0017 	30
16:	0.2141 0.0023 0.0339 0.5006 0.0860 0.0000 0.0035 0.0000 0.1098 0.0058 0.0013 0.0016 0.0000 0.0000 0.0321 0.0014 0.0002 0.0074 	30
