1:	0.0931 0.0452 0.0545 0.0824 0.1874 0.0000 0.0981 0.0000 0.0000 0.0838 0.0318 0.0016 0.0003 0.0000 0.1184 0.0480 0.0791 0.0763 	55
2:	0.0405 0.1169 0.2000 0.0759 0.0443 0.0002 0.1423 0.0000 0.0000 0.0457 0.0449 0.0000 0.0000 0.0000 0.0777 0.0707 0.0692 0.0719 	45
3:	0.0332 0.1131 0.1513 0.0413 0.0447 0.0000 0.1181 0.0000 0.0037 0.1224 0.0386 0.0009 0.0007 0.0000 0.0975 0.0186 0.1328 0.0830 	60
4:	0.0294 0.1436 0.1547 0.0338 0.0000 0.0000 0.1165 0.0000 0.0013 0.0534 0.0618 0.0000 0.0000 0.0000 0.1365 0.0200 0.1522 0.0968 	59
5:	0.0000 0.0000 0.0006 0.0000 0.0031 0.1306 0.0000 0.2058 0.0027 0.0000 0.0000 0.1510 0.2675 0.2386 0.0000 0.0000 0.0000 0.0000 	30
6:	0.0000 0.0000 0.0000 0.0000 0.0041 0.2626 0.0000 0.1463 0.0016 0.0000 0.0000 0.1491 0.2964 0.1400 0.0000 0.0000 0.0000 0.0000 	27
7:	0.0000 0.0000 0.0000 0.0000 0.0004 0.1819 0.0000 0.2531 0.0008 0.0000 0.0000 0.2073 0.2068 0.1498 0.0000 0.0000 0.0000 0.0000 	30
8:	0.0000 0.0000 0.0000 0.0000 0.0014 0.1814 0.0000 0.2161 0.0011 0.0000 0.0000 0.1774 0.1136 0.3090 0.0000 0.0000 0.0000 0.0000 	28
9:	0.0000 0.0000 0.0000 0.0000 0.0030 0.2413 0.0000 0.1961 0.0022 0.0000 0.0000 0.0991 0.2129 0.2453 0.0000 0.0000 0.0000 0.0000 	30
10:	0.0000 0.0000 0.0000 0.0000 0.0016 0.2044 0.0000 0.2760 0.0016 0.0000 0.0000 0.1500 0.2382 0.1282 0.0000 0.0000 0.0000 0.0000 	28
11:	0.0000 0.0000 0.0001 0.0006 0.0032 0.2443 0.0000 0.1990 0.0034 0.0000 0.0005 0.1078 0.1745 0.2660 0.0000 0.0006 0.0000 0.0000 	30
12:	0.2231 0.0056 0.0000 0.1024 0.1566 0.0005 0.0000 0.0040 0.0718 0.0028 0.2361 0.0000 0.0020 0.0000 0.0008 0.1922 0.0020 0.0000 	30
13:	0.1624 0.0010 0.0000 0.1309 0.1209 0.0000 0.0198 0.0000 0.0078 0.0473 0.2897 0.0000 0.0000 0.0041 0.0000 0.1493 0.0328 0.0339 	30
14:	0.6957 0.0000 0.0000 0.2029 0.0000 0.0000 0.0000 0.0000 0.0000 0.0001 0.0000 0.0000 0.0000 0.0000 0.0000 0.1013 0.0000 0.0000 	2
15:	0.1789 0.0007 0.0001 0.1209 0.1643 0.0011 0.0000 0.0000 0.0017 0.0019 0.2069 0.0000 0.0000 0.0000 0.0003 0.3190 0.0017 0.0024 	30
16:	0.1380 0.0239 0.0337 0.2638 0.0843 0.0000 0.0008 0.0029 0.1103 0.0028 0.1686 0.0000 0.0000 0.0024 0.0000 0.1593 0.0092 0.0000 	30
