1:	0.2356 0.0001 0.0489 0.1146 0.1836 0.0001 0.0883 0.0002 0.0004 0.2045 0.0688 0.0549 	55
2:	0.2101 0.0000 0.1810 0.1341 0.0427 0.0000 0.1036 0.0000 0.0001 0.1935 0.0898 0.0451 	45
3:	0.1217 0.0002 0.1461 0.1911 0.0387 0.0003 0.1219 0.0000 0.0032 0.2425 0.0928 0.0416 	60
4:	0.1310 0.0000 0.1451 0.1568 0.0000 0.0000 0.1136 0.0000 0.0010 0.2764 0.1249 0.0511 	59
5:	0.0000 0.2293 0.0002 0.0000 0.0028 0.2572 0.0016 0.4019 0.0029 0.0000 0.0014 0.1027 	30
6:	0.0000 0.3446 0.0003 0.0000 0.0057 0.2661 0.0016 0.2978 0.0020 0.0000 0.0013 0.0806 	27
7:	0.0000 0.3492 0.0004 0.0000 0.0028 0.1880 0.0005 0.3716 0.0012 0.0000 0.0006 0.0856 	30
8:	0.0000 0.2482 0.0004 0.0000 0.0043 0.2611 0.0027 0.4042 0.0012 0.0000 0.0009 0.0771 	28
9:	0.0000 0.3644 0.0003 0.0000 0.0042 0.1902 0.0020 0.3686 0.0017 0.0000 0.0012 0.0674 	30
10:	0.0000 0.3786 0.0007 0.0000 0.0039 0.1675 0.0030 0.3798 0.0018 0.0000 0.0014 0.0633 	28
11:	0.0024 0.2598 0.0003 0.0002 0.0060 0.3134 0.0020 0.3667 0.0027 0.0000 0.0017 0.0448 	30
12:	0.6937 0.0028 0.0001 0.0086 0.1297 0.0002 0.0088 0.0017 0.0726 0.0032 0.0310 0.0477 	30
13:	0.6588 0.0003 0.0012 0.0590 0.1145 0.0032 0.0226 0.0001 0.0088 0.0371 0.0283 0.0662 	30
14:	0.9776 0.0000 0.0000 0.0104 0.0000 0.0000 0.0083 0.0000 0.0000 0.0003 0.0010 0.0024 	2
15:	0.7454 0.0004 0.0011 0.0076 0.1509 0.0000 0.0111 0.0003 0.0015 0.0064 0.0165 0.0588 	30
16:	0.6560 0.0002 0.0283 0.0360 0.0859 0.0003 0.0114 0.0020 0.1101 0.0141 0.0055 0.0502 	30
