1:	0.0580 0.0002 0.0548 0.1868 0.1811 0.0003 0.0996 0.0001 0.0001 0.0807 0.1501 0.0529 0.0628 0.0725 	55
2:	0.0717 0.0000 0.2002 0.1511 0.0443 0.0001 0.0940 0.0000 0.0000 0.0986 0.1131 0.0844 0.0611 0.0812 	45
3:	0.0482 0.0002 0.1515 0.0813 0.0461 0.0003 0.1777 0.0000 0.0037 0.1479 0.1018 0.0940 0.0518 0.0955 	60
4:	0.0361 0.0000 0.1548 0.1051 0.0000 0.0000 0.1546 0.0000 0.0012 0.1541 0.1143 0.1214 0.0586 0.0997 	59
5:	0.0000 0.4054 0.0006 0.0000 0.0047 0.3632 0.0000 0.2229 0.0031 0.0000 0.0000 0.0000 0.0000 0.0000 	30
6:	0.0000 0.2675 0.0004 0.0000 0.0090 0.3573 0.0000 0.3625 0.0033 0.0000 0.0000 0.0000 0.0000 0.0000 	27
7:	0.0000 0.2936 0.0002 0.0000 0.0028 0.3105 0.0000 0.3919 0.0012 0.0000 0.0000 0.0000 0.0000 0.0000 	30
8:	0.0000 0.3150 0.0002 0.0000 0.0040 0.3959 0.0000 0.2821 0.0028 0.0000 0.0000 0.0000 0.0000 0.0000 	28
9:	0.0000 0.3390 0.0001 0.0000 0.0059 0.3142 0.0000 0.3383 0.0025 0.0000 0.0000 0.0001 0.0000 0.0000 	30
10:	0.0000 0.2826 0.0004 0.0000 0.0065 0.3186 0.0000 0.3897 0.0023 0.0000 0.0000 0.0000 0.0000 0.0000 	28
11:	0.0027 0.3065 0.0004 0.0007 0.0062 0.4563 0.0000 0.2231 0.0038 0.0001 0.0000 0.0000 0.0001 0.0001 	30
12:	0.3694 0.0013 0.0000 0.3756 0.1574 0.0001 0.0027 0.0044 0.0719 0.0027 0.0018 0.0041 0.0043 0.0042 	30
13:	0.3476 0.0008 0.0008 0.3720 0.1209 0.0024 0.0339 0.0004 0.0089 0.0438 0.0097 0.0195 0.0225 0.0167 	30
14:	0.6449 0.0000 0.0000 0.3488 0.0000 0.0000 0.0004 0.0000 0.0000 0.0058 0.0000 0.0000 0.0000 0.0000 	2
15:	0.4707 0.0000 0.0006 0.3395 0.1653 0.0001 0.0028 0.0001 0.0017 0.0037 0.0017 0.0034 0.0038 0.0065 	30
16:	0.1851 0.0011 0.0339 0.5229 0.0870 0.0013 0.0078 0.0004 0.1102 0.0208 0.0030 0.0053 0.0057 0.0154 	30
