1:	0.1986 0.0046 0.0394 0.2852 0.1779 0.0032 0.2062 0.0031 0.0104 0.0638 0.0076 	55
2:	0.1397 0.0016 0.1468 0.2809 0.0420 0.0008 0.2347 0.0000 0.0267 0.0984 0.0285 	45
3:	0.0937 0.0010 0.0929 0.3843 0.0454 0.0000 0.2692 0.0009 0.0387 0.0478 0.0259 	60
4:	0.1148 0.0000 0.1090 0.4205 0.0004 0.0001 0.2649 0.0000 0.0171 0.0412 0.0321 	59
5:	0.0000 0.2885 0.0002 0.0000 0.0041 0.2480 0.0000 0.3027 0.0025 0.0000 0.1541 	30
6:	0.0000 0.2689 0.0002 0.0000 0.0066 0.3332 0.0000 0.2428 0.0019 0.0000 0.1466 	27
7:	0.0000 0.3685 0.0002 0.0000 0.0012 0.2521 0.0000 0.2406 0.0008 0.0000 0.1367 	30
8:	0.0000 0.3288 0.0001 0.0000 0.0047 0.2103 0.0000 0.3150 0.0016 0.0000 0.1395 	28
9:	0.0000 0.2392 0.0000 0.0000 0.0040 0.2436 0.0000 0.3807 0.0017 0.0000 0.1308 	30
10:	0.0000 0.3584 0.0003 0.0000 0.0041 0.2335 0.0000 0.3046 0.0015 0.0000 0.0977 	28
11:	0.0006 0.2965 0.0002 0.0001 0.0054 0.2793 0.0000 0.2707 0.0022 0.0016 0.1433 	30
12:	0.3490 0.0061 0.0006 0.0017 0.1733 0.0031 0.0059 0.0029 0.0493 0.4081 0.0000 	30
13:	0.3370 0.0018 0.0009 0.0921 0.1180 0.0051 0.0369 0.0026 0.0069 0.3979 0.0007 	30
14:	0.1625 0.0000 0.0000 0.0000 0.0000 0.0000 0.0000 0.0000 0.0000 0.8375 0.0000 	2
15:	0.3004 0.0015 0.0005 0.0022 0.1573 0.0035 0.0017 0.0015 0.0015 0.5268 0.0029 	30
16:	0.6239 0.0036 0.0158 0.0337 0.1164 0.0030 0.0047 0.0005 0.0826 0.1037 0.0122 	30
