1:	0.2187 0.0122 0.0555 0.3239 0.1769 0.0515 0.1612 	55
2:	0.2068 0.0025 0.2015 0.3557 0.0421 0.0599 0.1313 	45
3:	0.1216 0.0031 0.1527 0.4519 0.0466 0.0881 0.1361 	60
4:	0.1335 0.0000 0.1563 0.4821 0.0008 0.0847 0.1426 	59
5:	0.0000 0.9821 0.0016 0.0000 0.0139 0.0024 0.0000 	30
6:	0.0000 0.9793 0.0011 0.0000 0.0175 0.0021 0.0000 	27
7:	0.0000 0.9894 0.0008 0.0001 0.0081 0.0013 0.0003 	30
8:	0.0000 0.9875 0.0014 0.0000 0.0092 0.0019 0.0000 	28
9:	0.0000 0.9860 0.0007 0.0000 0.0111 0.0022 0.0000 	30
10:	0.0000 0.9864 0.0018 0.0001 0.0102 0.0014 0.0001 	28
11:	0.0033 0.9803 0.0011 0.0001 0.0119 0.0023 0.0010 	30
12:	0.5820 0.0115 0.0032 0.0029 0.1970 0.0332 0.1701 	30
13:	0.6115 0.0091 0.0016 0.0975 0.1217 0.0351 0.1235 	30
14:	0.7823 0.0000 0.0000 0.0034 0.0000 0.0000 0.2143 	2
15:	0.6602 0.0085 0.0013 0.0047 0.1589 0.0120 0.1543 	30
16:	0.6152 0.0073 0.0385 0.0258 0.1516 0.0596 0.1021 	30
