1:	0.2167 0.0022 0.0017 0.0009 0.0251 0.0000 0.1644 0.0004 0.3679 0.0284 0.0049 0.0456 0.0053 0.0058 0.0135 0.0337 0.0017 0.0343 0.0340 0.0134 	30
2:	0.2176 0.0000 0.0005 0.0008 0.0009 0.0000 0.2207 0.0003 0.1163 0.0670 0.0000 0.1082 0.0002 0.0056 0.0027 0.0635 0.0019 0.0112 0.1477 0.0349 	30
3:	0.1928 0.0000 0.0014 0.0005 0.0119 0.0000 0.1188 0.0000 0.0058 0.0394 0.0000 0.0571 0.0000 0.0009 0.0116 0.3592 0.0000 0.0319 0.0995 0.0691 	30
4:	0.0144 0.0000 0.0007 0.0000 0.0120 0.0000 0.0746 0.0014 0.0161 0.2253 0.0000 0.0734 0.0021 0.0014 0.1660 0.1113 0.0038 0.0375 0.2002 0.0600 	22
5:	0.0124 0.0000 0.0010 0.0000 0.0000 0.0000 0.0972 0.0001 0.0153 0.0333 0.0000 0.0511 0.0000 0.0007 0.0175 0.2799 0.0000 0.0967 0.2843 0.1104 	30
6:	0.0179 0.0004 0.0006 0.0037 0.0126 0.0000 0.1603 0.0002 0.3907 0.1340 0.0031 0.0213 0.0067 0.0065 0.0582 0.0327 0.0122 0.0007 0.1029 0.0353 	30
7:	0.0388 0.0000 0.0020 0.0000 0.0009 0.0000 0.0462 0.0000 0.0469 0.1045 0.0000 0.0040 0.0043 0.0084 0.0631 0.0453 0.0026 0.0930 0.2996 0.2404 	30
8:	0.1453 0.0000 0.0006 0.0000 0.0000 0.0006 0.1663 0.0000 0.0117 0.0024 0.0003 0.0606 0.0006 0.0056 0.1078 0.2893 0.0012 0.0935 0.0858 0.0283 	30
9:	0.0000 0.0025 0.4334 0.1656 0.0000 0.2955 0.0020 0.0014 0.0000 0.0000 0.0081 0.0106 0.0134 0.0500 0.0000 0.0000 0.0039 0.0066 0.0000 0.0070 	28
10:	0.0000 0.0000 0.0444 0.1042 0.0017 0.4118 0.0039 0.0042 0.0000 0.0000 0.0087 0.0020 0.0167 0.3854 0.0000 0.0000 0.0033 0.0020 0.0000 0.0117 	27
11:	0.0000 0.0091 0.0515 0.1432 0.0000 0.0134 0.0000 0.0036 0.0000 0.0000 0.0400 0.0000 0.6825 0.0450 0.0000 0.0000 0.0094 0.0022 0.0000 0.0000 	25
12:	0.0000 0.7051 0.0006 0.0114 0.0000 0.0000 0.0000 0.0084 0.0000 0.0000 0.0060 0.0000 0.1184 0.0174 0.0000 0.0000 0.1321 0.0005 0.0000 0.0000 	28
13:	0.0000 0.0102 0.0183 0.0217 0.0000 0.0054 0.0000 0.0197 0.0000 0.0000 0.8383 0.0000 0.0524 0.0201 0.0000 0.0000 0.0124 0.0016 0.0000 0.0000 	24
14:	0.0000 0.0102 0.3845 0.2099 0.0000 0.0762 0.0000 0.0132 0.0000 0.0000 0.0555 0.0000 0.1798 0.0463 0.0011 0.0000 0.0206 0.0000 0.0000 0.0027 	27
15:	0.0000 0.0044 0.0054 0.0170 0.0000 0.0001 0.0031 0.6309 0.0000 0.0000 0.0199 0.0000 0.0000 0.0020 0.0000 0.0000 0.3146 0.0028 0.0000 0.0000 	29
16:	0.4951 0.0000 0.0030 0.0001 0.0000 0.0000 0.1887 0.0002 0.0147 0.0343 0.0000 0.1267 0.0057 0.0065 0.0160 0.0246 0.0055 0.0148 0.0495 0.0146 	30
17:	0.3237 0.0000 0.0035 0.0053 0.0029 0.0000 0.1797 0.0002 0.0804 0.0839 0.0019 0.0950 0.0138 0.0181 0.0206 0.0043 0.0064 0.0748 0.0511 0.0346 	30
18:	0.0264 0.0000 0.0031 0.0000 0.5016 0.0000 0.0273 0.0000 0.0000 0.1142 0.0000 0.1029 0.0000 0.0012 0.0000 0.0032 0.0000 0.0402 0.0369 0.1431 	29
19:	0.3247 0.0003 0.0027 0.0007 0.0148 0.0000 0.3137 0.0004 0.0105 0.0346 0.0005 0.1439 0.0009 0.0016 0.0377 0.0228 0.0050 0.0020 0.0489 0.0346 	30
