1:	0.1539 0.0023 0.0020 0.1212 0.0269 0.0000 0.1533 0.0003 0.3511 0.0278 0.0047 0.0530 0.0052 0.0124 0.0202 0.0166 0.0122 0.0369 	30
2:	0.1346 0.0000 0.0003 0.2047 0.0017 0.0002 0.2160 0.0003 0.1156 0.0628 0.0000 0.1175 0.0009 0.0089 0.0097 0.0617 0.0070 0.0582 	30
3:	0.1043 0.0000 0.0011 0.2277 0.0129 0.0001 0.1365 0.0001 0.0036 0.0359 0.0000 0.0655 0.0001 0.0121 0.0420 0.2440 0.0129 0.1012 	30
4:	0.0238 0.0006 0.0016 0.1043 0.0126 0.0000 0.1056 0.0015 0.0259 0.2252 0.0003 0.0683 0.0024 0.0121 0.1636 0.1742 0.0153 0.0627 	22
5:	0.0298 0.0000 0.0015 0.1546 0.0005 0.0005 0.1589 0.0001 0.0174 0.0332 0.0000 0.0531 0.0004 0.0215 0.0361 0.3706 0.0250 0.0965 	30
6:	0.0149 0.0004 0.0017 0.0685 0.0124 0.0012 0.1582 0.0003 0.3987 0.1344 0.0045 0.0295 0.0073 0.0069 0.0578 0.0537 0.0150 0.0344 	30
7:	0.0473 0.0001 0.0027 0.1561 0.0032 0.0001 0.0611 0.0004 0.0663 0.1050 0.0001 0.0201 0.0040 0.0349 0.0620 0.2946 0.0437 0.0984 	30
8:	0.0852 0.0000 0.0006 0.1814 0.0026 0.0004 0.1954 0.0001 0.0150 0.0016 0.0001 0.0558 0.0008 0.0256 0.1340 0.1717 0.0236 0.1060 	30
9:	0.0000 0.0035 0.4383 0.0010 0.0029 0.3838 0.0045 0.0061 0.0000 0.0000 0.0136 0.0070 0.0122 0.0842 0.0000 0.0005 0.0066 0.0358 	28
10:	0.0003 0.0006 0.0508 0.0009 0.0027 0.4724 0.0037 0.0109 0.0020 0.0011 0.0164 0.0028 0.0189 0.3323 0.0010 0.0024 0.0090 0.0717 	27
11:	0.0001 0.0184 0.0870 0.0012 0.0003 0.0952 0.0000 0.0055 0.0001 0.0000 0.0700 0.0002 0.6495 0.0431 0.0001 0.0000 0.0086 0.0207 	25
12:	0.0000 0.7117 0.0009 0.0000 0.0000 0.0006 0.0000 0.0090 0.0000 0.0000 0.0103 0.0000 0.1593 0.0077 0.0000 0.0001 0.0817 0.0187 	28
13:	0.0000 0.0111 0.0218 0.0001 0.0000 0.0129 0.0000 0.0239 0.0004 0.0000 0.8489 0.0000 0.0566 0.0105 0.0000 0.0000 0.0102 0.0036 	24
14:	0.0002 0.0168 0.4062 0.0002 0.0001 0.2176 0.0000 0.0179 0.0000 0.0000 0.0952 0.0001 0.1694 0.0381 0.0009 0.0001 0.0099 0.0272 	27
15:	0.0000 0.0057 0.0067 0.0001 0.0000 0.0109 0.0024 0.6495 0.0003 0.0000 0.0254 0.0005 0.0828 0.0014 0.0002 0.0000 0.2115 0.0026 	29
16:	0.4400 0.0001 0.0035 0.1118 0.0002 0.0000 0.1744 0.0002 0.0161 0.0339 0.0002 0.1228 0.0045 0.0053 0.0182 0.0234 0.0096 0.0359 	30
17:	0.3098 0.0011 0.0033 0.1106 0.0060 0.0010 0.1564 0.0002 0.0803 0.0825 0.0020 0.0891 0.0119 0.0304 0.0173 0.0228 0.0310 0.0441 	30
18:	0.0293 0.0000 0.0024 0.0465 0.5027 0.0000 0.0265 0.0000 0.0000 0.1114 0.0000 0.1214 0.0000 0.0317 0.0025 0.0416 0.0434 0.0403 	29
19:	0.3060 0.0005 0.0028 0.0851 0.0149 0.0002 0.2873 0.0002 0.0105 0.0344 0.0001 0.1450 0.0011 0.0048 0.0384 0.0244 0.0079 0.0364 	30
