1:	0.2988 0.0037 0.0046 0.0446 0.0421 0.0008 0.2111 0.0021 0.3833 0.0089 	30
2:	0.3834 0.0009 0.0008 0.0854 0.0377 0.0013 0.3351 0.0015 0.1521 0.0017 	30
3:	0.3976 0.0000 0.0020 0.3369 0.0359 0.0002 0.2159 0.0007 0.0101 0.0006 	30
4:	0.1676 0.0030 0.0050 0.3204 0.1362 0.0046 0.2149 0.0076 0.1373 0.0034 	22
5:	0.2213 0.0000 0.0032 0.4855 0.0208 0.0053 0.2286 0.0006 0.0346 0.0001 	30
6:	0.1111 0.0017 0.0094 0.0830 0.0897 0.0049 0.2102 0.0074 0.4744 0.0082 	30
7:	0.2610 0.0011 0.0065 0.4226 0.0668 0.0043 0.0861 0.0055 0.1417 0.0043 	30
8:	0.3050 0.0007 0.0001 0.3337 0.0101 0.0032 0.2713 0.0034 0.0720 0.0006 	30
9:	0.0065 0.0044 0.4356 0.0063 0.0086 0.4886 0.0171 0.0088 0.0006 0.0235 	28
10:	0.0002 0.0037 0.0783 0.0194 0.0045 0.8381 0.0077 0.0160 0.0079 0.0242 	27
11:	0.0021 0.0228 0.7035 0.0006 0.0003 0.1414 0.0000 0.0269 0.0079 0.0946 	25
12:	0.0000 0.7438 0.1843 0.0000 0.0000 0.0031 0.0000 0.0526 0.0010 0.0151 	28
13:	0.0000 0.0268 0.0780 0.0003 0.0022 0.0163 0.0000 0.0184 0.0021 0.8559 	24
14:	0.0015 0.0182 0.5808 0.0002 0.0004 0.2514 0.0002 0.0167 0.0002 0.1304 	27
15:	0.0000 0.0073 0.1481 0.0001 0.0000 0.0121 0.0036 0.6631 0.0013 0.1645 	29
16:	0.5646 0.0008 0.0166 0.0455 0.0197 0.0019 0.2853 0.0026 0.0623 0.0007 	30
17:	0.4362 0.0056 0.0213 0.0683 0.0571 0.0142 0.2366 0.0060 0.1517 0.0030 	30
18:	0.1091 0.0005 0.0182 0.1904 0.5843 0.0005 0.0704 0.0014 0.0240 0.0013 	29
19:	0.4037 0.0023 0.0104 0.0578 0.0355 0.0025 0.4246 0.0035 0.0591 0.0007 	30
