1:	0.0808 0.0931 0.0549 0.1458 0.1872 0.0001 0.0974 0.0000 0.0002 0.1880 0.0014 0.0000 0.0000 0.0007 0.1216 0.0288 	55
2:	0.0682 0.1212 0.2003 0.1452 0.0436 0.0000 0.1178 0.0001 0.0000 0.1478 0.0000 0.0007 0.0000 0.0000 0.1380 0.0170 	45
3:	0.0608 0.1293 0.1515 0.0648 0.0446 0.0000 0.1441 0.0003 0.0038 0.2110 0.0015 0.0002 0.0000 0.0000 0.1804 0.0076 	60
4:	0.0462 0.1236 0.1550 0.0901 0.0000 0.0000 0.1629 0.0000 0.0015 0.2235 0.0000 0.0000 0.0000 0.0000 0.1843 0.0129 	59
5:	0.0000 0.0000 0.0001 0.0000 0.0024 0.1468 0.0000 0.1242 0.0006 0.0000 0.1374 0.1840 0.2419 0.0896 0.0000 0.0730 	30
6:	0.0000 0.0000 0.0001 0.0000 0.0038 0.1538 0.0000 0.1641 0.0014 0.0000 0.1477 0.1379 0.1544 0.1768 0.0000 0.0600 	27
7:	0.0000 0.0000 0.0000 0.0000 0.0002 0.1665 0.0000 0.2209 0.0001 0.0000 0.1207 0.1610 0.1314 0.1298 0.0000 0.0693 	30
8:	0.0000 0.0000 0.0000 0.0000 0.0006 0.1187 0.0000 0.1782 0.0006 0.0000 0.1278 0.1785 0.1835 0.1257 0.0000 0.0864 	28
9:	0.0000 0.0000 0.0000 0.0000 0.0021 0.2280 0.0000 0.1247 0.0009 0.0000 0.1437 0.1133 0.1150 0.1651 0.0000 0.1073 	30
10:	0.0000 0.0000 0.0002 0.0000 0.0011 0.1595 0.0000 0.1531 0.0015 0.0000 0.2209 0.1530 0.0890 0.0693 0.0000 0.1524 	28
11:	0.0008 0.0000 0.0000 0.0000 0.0028 0.1335 0.0000 0.1957 0.0013 0.0000 0.1980 0.1192 0.1746 0.1331 0.0000 0.0411 	30
12:	0.4537 0.0038 0.0001 0.2494 0.1526 0.0008 0.0033 0.0000 0.0722 0.0021 0.0036 0.0029 0.0007 0.0021 0.0009 0.0519 	30
13:	0.3496 0.0147 0.0006 0.3369 0.1193 0.0000 0.0402 0.0006 0.0088 0.0733 0.0020 0.0000 0.0009 0.0018 0.0088 0.0426 	30
14:	0.5748 0.0049 0.0000 0.3326 0.0000 0.0000 0.0000 0.0000 0.0000 0.0000 0.0000 0.0000 0.0000 0.0000 0.0000 0.0878 	2
15:	0.4525 0.0018 0.0004 0.3325 0.1636 0.0004 0.0028 0.0000 0.0017 0.0017 0.0001 0.0006 0.0000 0.0015 0.0013 0.0392 	30
16:	0.1519 0.0090 0.0339 0.4749 0.0839 0.0000 0.0084 0.0000 0.1105 0.0151 0.0001 0.0040 0.0000 0.0000 0.0091 0.0994 	30
