1.0000	0.8451	0.7233	0.7046	0.7538	0.8450	0.7045	0.7245	0.7373	0.7607	0.7884	0.8449	0.7310	0.7255	0.8450	0.7075	0.7594	0.7103	0.6486	0.8360
0.8451	1.0000	0.7701	0.7258	0.8082	0.9980	0.7256	0.7716	0.7875	0.8171	0.7586	0.9979	0.7794	0.7520	0.9922	0.6845	0.8154	0.6872	0.6338	0.7745
0.7233	0.7701	1.0000	0.7260	0.7944	0.7701	0.7258	0.9939	0.7861	0.7739	0.6641	0.7700	0.9727	0.7514	0.7704	0.7324	0.7734	0.7409	0.6672	0.7296
0.7046	0.7258	0.7260	1.0000	0.7461	0.7258	0.9979	0.7273	0.7392	0.7143	0.6325	0.7258	0.7344	0.9335	0.7260	0.6503	0.7136	0.6527	0.5846	0.7008
0.7538	0.8082	0.7944	0.7461	1.0000	0.8081	0.7459	0.7961	0.9078	0.7993	0.7100	0.8081	0.8062	0.7747	0.8085	0.7240	0.7985	0.7267	0.6464	0.7542
0.8450	0.9980	0.7701	0.7258	0.8081	1.0000	0.7256	0.7716	0.7875	0.8170	0.7585	0.9985	0.7793	0.7520	0.9921	0.6844	0.8154	0.6871	0.6338	0.7744
0.7045	0.7256	0.7258	0.9979	0.7459	0.7256	1.0000	0.7271	0.7390	0.7142	0.6324	0.7256	0.7343	0.9331	0.7258	0.6503	0.7135	0.6527	0.5845	0.7006
0.7245	0.7716	0.9939	0.7273	0.7961	0.7716	0.7271	1.0000	0.7880	0.7749	0.6652	0.7714	0.9772	0.7528	0.7719	0.7341	0.7744	0.7424	0.6679	0.7306
0.7373	0.7875	0.7861	0.7392	0.9078	0.7875	0.7390	0.7880	1.0000	0.7898	0.7063	0.7875	0.7992	0.7665	0.7875	0.7292	0.7891	0.7314	0.6431	0.7457
0.7607	0.8171	0.7739	0.7143	0.7993	0.8170	0.7142	0.7749	0.7898	1.0000	0.7079	0.8172	0.7807	0.7393	0.8181	0.6887	0.9973	0.6910	0.6242	0.8431
0.7884	0.7586	0.6641	0.6325	0.7100	0.7585	0.6324	0.6652	0.7063	0.7079	1.0000	0.7585	0.6715	0.6522	0.7585	0.7813	0.7069	0.7834	0.6863	0.7428
0.8449	0.9979	0.7700	0.7258	0.8081	0.9985	0.7256	0.7714	0.7875	0.8172	0.7585	1.0000	0.7792	0.7520	0.9921	0.6844	0.8155	0.6871	0.6337	0.7744
0.7310	0.7794	0.9727	0.7344	0.8062	0.7793	0.7343	0.9772	0.7992	0.7807	0.6715	0.7792	1.0000	0.7608	0.7799	0.7427	0.7801	0.7501	0.6713	0.7361
0.7255	0.7520	0.7514	0.9335	0.7747	0.7520	0.9331	0.7528	0.7665	0.7393	0.6522	0.7520	0.7608	1.0000	0.7523	0.6706	0.7385	0.6732	0.6014	0.7213
0.8450	0.9922	0.7704	0.7260	0.8085	0.9921	0.7258	0.7719	0.7875	0.8181	0.7585	0.9921	0.7799	0.7523	1.0000	0.6851	0.8164	0.6878	0.6339	0.7751
0.7075	0.6845	0.7324	0.6503	0.7240	0.6844	0.6503	0.7341	0.7292	0.6887	0.7813	0.6844	0.7427	0.6706	0.6851	1.0000	0.6882	0.9782	0.7310	0.7163
0.7594	0.8154	0.7734	0.7136	0.7985	0.8154	0.7135	0.7744	0.7891	0.9973	0.7069	0.8155	0.7801	0.7385	0.8164	0.6882	1.0000	0.6905	0.6238	0.8426
0.7103	0.6872	0.7409	0.6527	0.7267	0.6871	0.6527	0.7424	0.7314	0.6910	0.7834	0.6871	0.7501	0.6732	0.6878	0.9782	0.6905	1.0000	0.7364	0.7186
0.6486	0.6338	0.6672	0.5846	0.6464	0.6338	0.5845	0.6679	0.6431	0.6242	0.6863	0.6337	0.6713	0.6014	0.6339	0.7310	0.6238	0.7364	1.0000	0.6427
0.8360	0.7745	0.7296	0.7008	0.7542	0.7744	0.7006	0.7306	0.7457	0.8431	0.7428	0.7744	0.7361	0.7213	0.7751	0.7163	0.8426	0.7186	0.6427	1.0000
