1:	0.1027 0.0023 0.0015 0.1495 0.0270 0.0000 0.1525 0.0002 0.3408 0.0275 0.0044 0.0430 0.0037 0.0012 0.0148 0.0238 0.0012 0.0247 0.0243 0.0549 	30
2:	0.0641 0.0000 0.0002 0.2049 0.0013 0.0000 0.2013 0.0001 0.0960 0.0623 0.0000 0.1143 0.0008 0.0020 0.0042 0.0590 0.0014 0.0113 0.0993 0.0775 	30
3:	0.0253 0.0000 0.0008 0.2868 0.0121 0.0002 0.1161 0.0001 0.0026 0.0365 0.0000 0.0665 0.0000 0.0001 0.0140 0.2787 0.0000 0.0300 0.0479 0.0824 	30
4:	0.0103 0.0001 0.0009 0.0319 0.0121 0.0000 0.0904 0.0013 0.0163 0.2201 0.0000 0.0735 0.0020 0.0006 0.1553 0.1293 0.0017 0.0365 0.1888 0.0289 	22
5:	0.0110 0.0000 0.0010 0.0567 0.0003 0.0006 0.1312 0.0000 0.0082 0.0330 0.0000 0.0563 0.0001 0.0001 0.0192 0.3116 0.0004 0.0763 0.2480 0.0460 	30
6:	0.0079 0.0001 0.0008 0.0438 0.0126 0.0017 0.1419 0.0002 0.3647 0.1323 0.0039 0.0390 0.0049 0.0018 0.0572 0.0371 0.0110 0.0093 0.1039 0.0261 	30
7:	0.0191 0.0000 0.0021 0.0483 0.0031 0.0001 0.0508 0.0001 0.0420 0.1020 0.0000 0.0239 0.0035 0.0023 0.0552 0.1393 0.0019 0.1171 0.3355 0.0534 	30
8:	0.0267 0.0000 0.0004 0.2070 0.0025 0.0001 0.1807 0.0000 0.0111 0.0016 0.0002 0.0577 0.0004 0.0022 0.1137 0.2042 0.0009 0.0572 0.0620 0.0713 	30
9:	0.0000 0.0033 0.4298 0.0000 0.0033 0.3581 0.0041 0.0061 0.0000 0.0000 0.0103 0.0069 0.0136 0.1040 0.0000 0.0005 0.0101 0.0228 0.0000 0.0271 	28
10:	0.0003 0.0000 0.0433 0.0003 0.0011 0.2979 0.0035 0.0087 0.0011 0.0014 0.0141 0.0048 0.0183 0.5276 0.0003 0.0006 0.0167 0.0321 0.0001 0.0278 	27
11:	0.0000 0.0193 0.0539 0.0003 0.0003 0.0919 0.0000 0.0058 0.0000 0.0000 0.0673 0.0002 0.6788 0.0479 0.0001 0.0000 0.0122 0.0112 0.0000 0.0107 	25
12:	0.0000 0.7080 0.0010 0.0000 0.0000 0.0000 0.0000 0.0090 0.0000 0.0000 0.0102 0.0000 0.1119 0.0056 0.0000 0.0001 0.0981 0.0003 0.0000 0.0557 	28
13:	0.0000 0.0113 0.0175 0.0000 0.0000 0.0133 0.0000 0.0242 0.0005 0.0000 0.8449 0.0000 0.0495 0.0075 0.0000 0.0000 0.0128 0.0081 0.0000 0.0104 	24
14:	0.0003 0.0158 0.3720 0.0001 0.0000 0.2364 0.0000 0.0181 0.0000 0.0000 0.0849 0.0004 0.1729 0.0354 0.0009 0.0001 0.0151 0.0231 0.0000 0.0247 	27
15:	0.0000 0.0055 0.0043 0.0000 0.0000 0.0127 0.0026 0.6358 0.0000 0.0000 0.0217 0.0007 0.0143 0.0005 0.0001 0.0000 0.2985 0.0023 0.0000 0.0010 	29
16:	0.3989 0.0000 0.0034 0.1637 0.0001 0.0000 0.1790 0.0001 0.0119 0.0335 0.0000 0.0636 0.0036 0.0002 0.0126 0.0229 0.0031 0.0111 0.0347 0.0575 	30
17:	0.2702 0.0010 0.0030 0.1484 0.0054 0.0013 0.1615 0.0001 0.0719 0.0808 0.0021 0.0574 0.0113 0.0074 0.0165 0.0115 0.0049 0.0536 0.0481 0.0435 	30
18:	0.0244 0.0000 0.0021 0.0293 0.5009 0.0001 0.0245 0.0000 0.0000 0.1110 0.0000 0.1220 0.0000 0.0007 0.0012 0.0250 0.0000 0.1133 0.0223 0.0232 	29
19:	0.2722 0.0001 0.0023 0.1162 0.0142 0.0001 0.2966 0.0000 0.0073 0.0344 0.0001 0.1021 0.0002 0.0005 0.0365 0.0234 0.0030 0.0096 0.0334 0.0477 	30
