1:	0.2365 0.0042 0.0548 0.0978 0.1810 0.0488 0.1561 0.0041 0.0125 0.0696 0.0673 0.0675 	55
2:	0.2118 0.0001 0.2002 0.0913 0.0427 0.0606 0.1574 0.0015 0.0118 0.1010 0.0345 0.0870 	45
3:	0.1238 0.0013 0.1515 0.1139 0.0459 0.0725 0.2217 0.0008 0.0083 0.1191 0.0957 0.0455 	60
4:	0.1347 0.0000 0.1544 0.1404 0.0000 0.0984 0.2224 0.0000 0.0101 0.0764 0.0935 0.0697 	59
5:	0.0000 0.2801 0.0008 0.0071 0.0039 0.0153 0.0000 0.6638 0.0156 0.0090 0.0000 0.0045 	30
6:	0.0000 0.2818 0.0004 0.0118 0.0074 0.0087 0.0000 0.6482 0.0127 0.0185 0.0000 0.0105 	27
7:	0.0000 0.2573 0.0004 0.0082 0.0035 0.0116 0.0000 0.6850 0.0138 0.0116 0.0004 0.0082 	30
8:	0.0000 0.1849 0.0007 0.0079 0.0040 0.0088 0.0000 0.7599 0.0174 0.0134 0.0000 0.0032 	28
9:	0.0000 0.2860 0.0004 0.0070 0.0024 0.0093 0.0000 0.6532 0.0162 0.0128 0.0000 0.0129 	30
10:	0.0000 0.2895 0.0011 0.0132 0.0055 0.0147 0.0000 0.6542 0.0073 0.0060 0.0000 0.0085 	28
11:	0.0028 0.2025 0.0005 0.0167 0.0068 0.0049 0.0000 0.7341 0.0093 0.0021 0.0001 0.0202 	30
12:	0.7081 0.0007 0.0011 0.0024 0.1704 0.0075 0.0047 0.0086 0.0551 0.0077 0.0084 0.0253 	30
13:	0.6868 0.0028 0.0009 0.0380 0.1196 0.0217 0.0509 0.0044 0.0082 0.0207 0.0282 0.0177 	30
14:	0.9528 0.0000 0.0000 0.0000 0.0000 0.0000 0.0000 0.0000 0.0080 0.0261 0.0000 0.0132 	2
15:	0.7634 0.0027 0.0010 0.0088 0.1595 0.0045 0.0044 0.0032 0.0044 0.0049 0.0164 0.0268 	30
16:	0.6778 0.0038 0.0352 0.0245 0.1103 0.0000 0.0238 0.0018 0.0860 0.0173 0.0061 0.0135 	30
