1:	0.0864 0.0004 0.0469 0.1615 0.1857 0.0004 0.1512 0.0002 0.0003 0.2204 0.1001 0.0003 0.0373 0.0090 	55
2:	0.0978 0.0000 0.1794 0.1296 0.0431 0.0001 0.1775 0.0000 0.0000 0.1910 0.1281 0.0000 0.0337 0.0196 	45
3:	0.0635 0.0006 0.1413 0.0677 0.0432 0.0000 0.2206 0.0000 0.0037 0.2415 0.1552 0.0004 0.0328 0.0295 	60
4:	0.0503 0.0000 0.1380 0.0922 0.0000 0.0000 0.2197 0.0000 0.0014 0.2491 0.1850 0.0000 0.0395 0.0248 	59
5:	0.0000 0.1888 0.0001 0.0000 0.0021 0.1666 0.0000 0.2477 0.0014 0.0000 0.0000 0.1989 0.0571 0.1371 	30
6:	0.0000 0.2672 0.0002 0.0000 0.0047 0.1742 0.0000 0.1961 0.0018 0.0000 0.0000 0.1685 0.0717 0.1155 	27
7:	0.0000 0.2155 0.0001 0.0000 0.0009 0.1297 0.0000 0.2915 0.0007 0.0000 0.0000 0.2003 0.0674 0.0939 	30
8:	0.0000 0.1816 0.0001 0.0000 0.0016 0.1675 0.0000 0.2860 0.0011 0.0000 0.0000 0.1831 0.0588 0.1202 	28
9:	0.0000 0.2579 0.0002 0.0000 0.0025 0.1617 0.0000 0.2250 0.0015 0.0000 0.0000 0.1678 0.0636 0.1199 	30
10:	0.0000 0.2591 0.0003 0.0000 0.0036 0.1424 0.0000 0.2724 0.0019 0.0000 0.0000 0.1649 0.0686 0.0868 	28
11:	0.0010 0.1829 0.0002 0.0004 0.0040 0.2134 0.0000 0.2258 0.0025 0.0000 0.0001 0.1661 0.0774 0.1261 	30
12:	0.4787 0.0021 0.0001 0.2601 0.1409 0.0005 0.0030 0.0028 0.0715 0.0018 0.0049 0.0013 0.0162 0.0160 	30
13:	0.4262 0.0005 0.0007 0.2892 0.1151 0.0020 0.0455 0.0004 0.0090 0.0491 0.0315 0.0004 0.0202 0.0103 	30
14:	0.8520 0.0000 0.0000 0.1479 0.0000 0.0000 0.0000 0.0000 0.0000 0.0000 0.0000 0.0000 0.0000 0.0000 	2
15:	0.5214 0.0001 0.0009 0.2816 0.1577 0.0002 0.0023 0.0004 0.0015 0.0033 0.0026 0.0002 0.0197 0.0082 	30
16:	0.1843 0.0002 0.0283 0.4961 0.0789 0.0009 0.0203 0.0017 0.1095 0.0103 0.0080 0.0009 0.0473 0.0133 	30
