1:	0.2486 0.0012 0.0554 0.2252 0.1697 0.0000 0.0000 0.0000 0.0006 0.2470 0.0000 0.0001 0.0520 	55
2:	0.2293 0.0000 0.2015 0.3041 0.0435 0.0000 0.0000 0.0000 0.0002 0.2189 0.0010 0.0000 0.0015 	45
3:	0.1344 0.0005 0.1526 0.3704 0.0458 0.0000 0.0000 0.0004 0.0042 0.2883 0.0001 0.0000 0.0032 	60
4:	0.1487 0.0000 0.1556 0.4058 0.0001 0.0000 0.0000 0.0000 0.0022 0.2854 0.0000 0.0000 0.0022 	59
5:	0.0000 0.2311 0.0000 0.0000 0.0029 0.1062 0.1170 0.2423 0.0004 0.0000 0.1075 0.1926 0.0000 	30
6:	0.0000 0.2322 0.0000 0.0000 0.0036 0.1889 0.1501 0.1793 0.0017 0.0000 0.0530 0.1913 0.0000 	27
7:	0.0000 0.2616 0.0000 0.0000 0.0004 0.1150 0.1616 0.2964 0.0006 0.0000 0.0602 0.1042 0.0000 	30
8:	0.0000 0.2723 0.0000 0.0000 0.0018 0.0634 0.0907 0.1595 0.0010 0.0000 0.1853 0.2259 0.0000 	28
9:	0.0000 0.2628 0.0000 0.0000 0.0015 0.1891 0.2219 0.1241 0.0002 0.0000 0.1149 0.0855 0.0000 	30
10:	0.0000 0.2972 0.0002 0.0000 0.0027 0.1414 0.1915 0.1870 0.0016 0.0000 0.0963 0.0822 0.0000 	28
11:	0.0009 0.2100 0.0000 0.0000 0.0013 0.1880 0.1010 0.1731 0.0015 0.0000 0.2369 0.0873 0.0000 	30
12:	0.7507 0.0041 0.0003 0.0073 0.1551 0.0006 0.0001 0.0033 0.0727 0.0027 0.0003 0.0000 0.0028 	30
13:	0.7267 0.0003 0.0016 0.0812 0.1209 0.0039 0.0004 0.0001 0.0096 0.0531 0.0003 0.0000 0.0017 	30
14:	0.9977 0.0000 0.0000 0.0023 0.0000 0.0000 0.0000 0.0000 0.0000 0.0000 0.0000 0.0000 0.0000 	2
15:	0.8189 0.0000 0.0013 0.0029 0.1652 0.0000 0.0006 0.0003 0.0018 0.0064 0.0007 0.0000 0.0020 	30
16:	0.7175 0.0000 0.0341 0.0222 0.0855 0.0012 0.0000 0.0009 0.1098 0.0238 0.0009 0.0017 0.0024 	30
