1:	0.2492 0.0007 0.0551 0.1770 0.1787 0.0182 0.1369 0.0010 0.0005 0.1604 0.0222 	55
2:	0.2252 0.0000 0.2011 0.1806 0.0414 0.0263 0.1278 0.0000 0.0001 0.1841 0.0134 	45
3:	0.1312 0.0006 0.1522 0.2556 0.0457 0.0230 0.1504 0.0003 0.0027 0.2231 0.0152 	60
4:	0.1443 0.0000 0.1555 0.2717 0.0001 0.0272 0.1484 0.0000 0.0011 0.2380 0.0137 	59
5:	0.0000 0.3700 0.0002 0.0000 0.0037 0.1720 0.0003 0.2812 0.0411 0.0000 0.1315 	30
6:	0.0000 0.3213 0.0002 0.0000 0.0063 0.1804 0.0002 0.2943 0.0522 0.0000 0.1451 	27
7:	0.0000 0.2864 0.0001 0.0000 0.0020 0.1590 0.0001 0.3907 0.0426 0.0000 0.1190 	30
8:	0.0000 0.3303 0.0003 0.0000 0.0040 0.1645 0.0001 0.2916 0.0749 0.0000 0.1344 	28
9:	0.0000 0.3745 0.0003 0.0000 0.0047 0.1656 0.0003 0.3188 0.0392 0.0000 0.0966 	30
10:	0.0000 0.3121 0.0005 0.0000 0.0045 0.1514 0.0004 0.3418 0.0375 0.0000 0.1517 	28
11:	0.0019 0.2819 0.0002 0.0000 0.0052 0.1945 0.0004 0.2753 0.0609 0.0000 0.1795 	30
12:	0.7425 0.0014 0.0007 0.0071 0.1586 0.0024 0.0201 0.0043 0.0509 0.0056 0.0064 	30
13:	0.7183 0.0018 0.0020 0.0765 0.1161 0.0086 0.0195 0.0000 0.0076 0.0359 0.0136 	30
14:	0.9838 0.0000 0.0000 0.0120 0.0000 0.0000 0.0000 0.0000 0.0000 0.0042 0.0000 	2
15:	0.8047 0.0000 0.0014 0.0091 0.1563 0.0031 0.0066 0.0017 0.0018 0.0066 0.0087 	30
16:	0.7072 0.0018 0.0346 0.0320 0.0892 0.0058 0.0290 0.0021 0.0765 0.0116 0.0101 	30
