1:	0.2190 0.0027 0.0021 0.0166 0.0330 0.0004 0.1881 0.0011 0.3766 0.0311 0.0043 0.0876 0.0373 	30
2:	0.3114 0.0004 0.0003 0.0711 0.0017 0.0010 0.2942 0.0007 0.1356 0.0653 0.0004 0.0883 0.0297 	30
3:	0.3543 0.0000 0.0016 0.2453 0.0141 0.0001 0.2012 0.0003 0.0046 0.0383 0.0000 0.0311 0.1091 	30
4:	0.1317 0.0016 0.0045 0.2218 0.0134 0.0002 0.1549 0.0028 0.0546 0.2368 0.0014 0.0203 0.1560 	22
5:	0.2012 0.0000 0.0021 0.3969 0.0026 0.0002 0.2107 0.0004 0.0293 0.0340 0.0001 0.0117 0.1108 	30
6:	0.0763 0.0012 0.0082 0.0620 0.0129 0.0009 0.1934 0.0050 0.4384 0.1435 0.0055 0.0053 0.0475 	30
7:	0.2083 0.0002 0.0063 0.3543 0.0076 0.0009 0.0705 0.0025 0.1116 0.1135 0.0009 0.0125 0.1108 	30
8:	0.2750 0.0001 0.0003 0.2015 0.0095 0.0014 0.2629 0.0020 0.0290 0.0035 0.0003 0.0321 0.1823 	30
9:	0.0067 0.0039 0.4329 0.0039 0.0106 0.4570 0.0169 0.0075 0.0000 0.0000 0.0199 0.0192 0.0215 	28
10:	0.0005 0.0029 0.0741 0.0124 0.0072 0.7333 0.0076 0.0141 0.0053 0.0014 0.0204 0.0552 0.0656 	27
11:	0.0013 0.0233 0.6994 0.0011 0.0031 0.1306 0.0000 0.0230 0.0055 0.0000 0.0890 0.0131 0.0107 	25
12:	0.0000 0.7444 0.1872 0.0000 0.0000 0.0023 0.0000 0.0479 0.0015 0.0000 0.0143 0.0010 0.0015 	28
13:	0.0000 0.0235 0.0761 0.0000 0.0037 0.0198 0.0000 0.0179 0.0020 0.0000 0.8515 0.0019 0.0036 	24
14:	0.0012 0.0175 0.5739 0.0008 0.0003 0.2478 0.0003 0.0156 0.0001 0.0002 0.1222 0.0111 0.0091 	27
15:	0.0000 0.0067 0.1551 0.0000 0.0008 0.0123 0.0035 0.6692 0.0012 0.0000 0.1495 0.0002 0.0015 	29
16:	0.3851 0.0009 0.0080 0.0247 0.0021 0.0000 0.2070 0.0016 0.0244 0.0347 0.0002 0.2877 0.0238 	30
17:	0.2778 0.0034 0.0103 0.0479 0.0168 0.0028 0.1771 0.0034 0.1086 0.0869 0.0020 0.2289 0.0341 	30
18:	0.0499 0.0000 0.0015 0.1525 0.5035 0.0001 0.0318 0.0000 0.0005 0.1307 0.0001 0.1141 0.0154 	29
19:	0.2687 0.0014 0.0046 0.0402 0.0141 0.0001 0.3405 0.0019 0.0221 0.0371 0.0006 0.2345 0.0342 	30
