1:	0.2506 0.0079 0.0553 0.2778 0.1658 0.0210 0.0552 0.1393 0.0248 0.0023 	55
2:	0.2267 0.0018 0.2014 0.2806 0.0391 0.0136 0.0563 0.1445 0.0333 0.0028 	45
3:	0.1314 0.0007 0.1523 0.3202 0.0438 0.0214 0.0878 0.2127 0.0291 0.0007 	60
4:	0.1441 0.0000 0.1555 0.3354 0.0007 0.0240 0.0921 0.2122 0.0359 0.0000 	59
5:	0.0000 0.3469 0.0006 0.0000 0.0043 0.2580 0.0566 0.0000 0.0714 0.2622 	30
6:	0.0000 0.2780 0.0002 0.0000 0.0045 0.2034 0.1103 0.0000 0.0869 0.3168 	27
7:	0.0000 0.4049 0.0001 0.0000 0.0014 0.2103 0.0825 0.0000 0.0277 0.2731 	30
8:	0.0000 0.3135 0.0004 0.0000 0.0040 0.2552 0.0648 0.0000 0.0797 0.2824 	28
9:	0.0000 0.2830 0.0005 0.0000 0.0033 0.2393 0.0759 0.0000 0.0429 0.3551 	30
10:	0.0000 0.3437 0.0003 0.0001 0.0040 0.2105 0.0887 0.0000 0.0426 0.3102 	28
11:	0.0019 0.2158 0.0003 0.0000 0.0044 0.2034 0.0545 0.0000 0.1208 0.3988 	30
12:	0.7412 0.0069 0.0033 0.0044 0.1918 0.0036 0.0070 0.0106 0.0259 0.0051 	30
13:	0.7177 0.0049 0.0016 0.0718 0.1148 0.0135 0.0186 0.0421 0.0128 0.0022 	30
14:	0.9827 0.0000 0.0000 0.0015 0.0000 0.0000 0.0046 0.0083 0.0029 0.0000 	2
15:	0.8044 0.0033 0.0013 0.0056 0.1479 0.0048 0.0069 0.0097 0.0106 0.0056 	30
16:	0.7085 0.0112 0.0379 0.0256 0.1519 0.0027 0.0149 0.0115 0.0357 0.0002 	30
