1:	0.2487 0.0110 0.0025 0.0178 0.0364 0.0008 0.1779 0.0039 0.3823 0.0446 0.0741 	30
2:	0.3237 0.0163 0.0003 0.0866 0.0185 0.0020 0.2894 0.0011 0.1457 0.0211 0.0954 	30
3:	0.3402 0.0092 0.0009 0.3043 0.0233 0.0000 0.1981 0.0005 0.0052 0.0769 0.0416 	30
4:	0.1070 0.0597 0.0043 0.2265 0.0718 0.0031 0.1930 0.0040 0.0663 0.1815 0.0828 	22
5:	0.1494 0.0087 0.0031 0.4734 0.0106 0.0026 0.2232 0.0000 0.0376 0.0712 0.0203 	30
6:	0.0514 0.0395 0.0114 0.0676 0.0499 0.0053 0.2003 0.0027 0.4730 0.0508 0.0481 	30
7:	0.1588 0.0283 0.0070 0.4059 0.0346 0.0035 0.0893 0.0007 0.1466 0.0866 0.0386 	30
8:	0.2646 0.0009 0.0004 0.2318 0.0061 0.0012 0.2615 0.0005 0.0144 0.1887 0.0298 	30
9:	0.0078 0.0050 0.4332 0.0046 0.0094 0.4993 0.0134 0.0148 0.0000 0.0045 0.0080 	28
10:	0.0007 0.0041 0.0824 0.0186 0.0081 0.8414 0.0078 0.0198 0.0066 0.0086 0.0019 	27
11:	0.0015 0.0349 0.7248 0.0012 0.0029 0.1697 0.0000 0.0534 0.0055 0.0035 0.0027 	25
12:	0.0000 0.5697 0.2313 0.0014 0.0008 0.0063 0.0000 0.1875 0.0017 0.0013 0.0000 	28
13:	0.0000 0.1304 0.0764 0.0001 0.0123 0.1457 0.0000 0.6298 0.0029 0.0023 0.0001 	24
14:	0.0018 0.0305 0.5830 0.0001 0.0003 0.3019 0.0003 0.0784 0.0011 0.0009 0.0017 	27
15:	0.0000 0.0051 0.2635 0.0000 0.0009 0.0132 0.0045 0.7081 0.0025 0.0022 0.0001 	29
16:	0.4777 0.0094 0.0094 0.0249 0.0105 0.0006 0.1999 0.0004 0.0245 0.0314 0.2114 	30
17:	0.3517 0.0259 0.0127 0.0451 0.0364 0.0106 0.1672 0.0030 0.1242 0.0365 0.1869 	30
18:	0.0729 0.0338 0.0023 0.1114 0.5319 0.0003 0.0359 0.0000 0.0013 0.0671 0.1430 	29
19:	0.3461 0.0109 0.0052 0.0383 0.0244 0.0012 0.3067 0.0004 0.0197 0.0438 0.2033 	30
