1:	0.2837 0.0028 0.0052 0.0381 0.0260 0.0007 0.2050 0.0006 0.3854 0.0372 0.0059 0.0095 	30
2:	0.3711 0.0007 0.0031 0.0867 0.0038 0.0015 0.3203 0.0008 0.1507 0.0596 0.0005 0.0011 	30
3:	0.3861 0.0000 0.0039 0.3388 0.0098 0.0004 0.2098 0.0004 0.0089 0.0417 0.0002 0.0000 	30
4:	0.1461 0.0024 0.0044 0.3253 0.0138 0.0013 0.1765 0.0025 0.1079 0.2111 0.0021 0.0066 	22
5:	0.2148 0.0000 0.0048 0.4890 0.0045 0.0015 0.2205 0.0000 0.0334 0.0298 0.0000 0.0017 	30
6:	0.0991 0.0009 0.0082 0.0839 0.0120 0.0022 0.1943 0.0010 0.4508 0.1298 0.0069 0.0109 	30
7:	0.2463 0.0008 0.0057 0.4255 0.0120 0.0014 0.0727 0.0023 0.1184 0.1047 0.0022 0.0079 	30
8:	0.3010 0.0004 0.0018 0.3341 0.0117 0.0027 0.2671 0.0024 0.0694 0.0083 0.0004 0.0008 	30
9:	0.0000 0.0039 0.4465 0.0037 0.0499 0.4513 0.0102 0.0072 0.0000 0.0018 0.0178 0.0077 	28
10:	0.0000 0.0023 0.0640 0.0129 0.1474 0.7089 0.0064 0.0134 0.0044 0.0012 0.0187 0.0203 	27
11:	0.0019 0.0182 0.1109 0.0000 0.0269 0.1242 0.0000 0.0048 0.0000 0.0000 0.0819 0.6314 	25
12:	0.0000 0.7170 0.0011 0.0000 0.0045 0.0018 0.0000 0.0086 0.0000 0.0000 0.0124 0.2546 	28
13:	0.0000 0.0107 0.0263 0.0000 0.0068 0.0118 0.0000 0.0229 0.0001 0.0000 0.8587 0.0627 	24
14:	0.0000 0.0187 0.4305 0.0000 0.0201 0.2362 0.0000 0.0162 0.0000 0.0000 0.1208 0.1575 	27
15:	0.0000 0.0070 0.0122 0.0000 0.0020 0.0106 0.0031 0.6881 0.0012 0.0000 0.0382 0.2376 	29
16:	0.5552 0.0003 0.0117 0.0420 0.0050 0.0009 0.2772 0.0003 0.0661 0.0295 0.0009 0.0108 	30
17:	0.4189 0.0040 0.0067 0.0578 0.0271 0.0053 0.2333 0.0010 0.1427 0.0766 0.0027 0.0240 	30
18:	0.0832 0.0000 0.0044 0.1725 0.3452 0.0004 0.0655 0.0000 0.0232 0.2920 0.0007 0.0129 	29
19:	0.3853 0.0015 0.0070 0.0542 0.0122 0.0006 0.4294 0.0011 0.0601 0.0384 0.0007 0.0093 	30
