1:	0.2941 0.0033 0.0064 0.0445 0.0418 0.0008 0.2103 0.0005 0.3770 0.0125 0.0087 	30
2:	0.3806 0.0009 0.0035 0.0846 0.0376 0.0013 0.3343 0.0018 0.1527 0.0015 0.0012 	30
3:	0.3979 0.0000 0.0038 0.3357 0.0359 0.0002 0.2154 0.0007 0.0099 0.0000 0.0005 	30
4:	0.1654 0.0028 0.0040 0.3194 0.1359 0.0044 0.2144 0.0058 0.1385 0.0068 0.0026 	22
5:	0.2188 0.0000 0.0045 0.4847 0.0207 0.0053 0.2294 0.0000 0.0351 0.0016 0.0000 	30
6:	0.1067 0.0014 0.0078 0.0824 0.0887 0.0042 0.2092 0.0026 0.4746 0.0128 0.0095 	30
7:	0.2579 0.0010 0.0056 0.4228 0.0663 0.0043 0.0862 0.0037 0.1409 0.0075 0.0038 	30
8:	0.3030 0.0004 0.0017 0.3327 0.0099 0.0033 0.2718 0.0028 0.0728 0.0013 0.0005 	30
9:	0.0004 0.0044 0.4450 0.0062 0.0084 0.4857 0.0110 0.0080 0.0000 0.0080 0.0228 	28
10:	0.0000 0.0029 0.0700 0.0185 0.0041 0.8338 0.0069 0.0158 0.0054 0.0209 0.0217 	27
11:	0.0023 0.0169 0.1909 0.0002 0.0000 0.1368 0.0000 0.0050 0.0007 0.5580 0.0892 	25
12:	0.0000 0.7160 0.0009 0.0000 0.0000 0.0027 0.0000 0.0086 0.0000 0.2589 0.0129 	28
13:	0.0000 0.0109 0.0308 0.0000 0.0005 0.0102 0.0000 0.0243 0.0001 0.0633 0.8600 	24
14:	0.0000 0.0188 0.4530 0.0000 0.0000 0.2403 0.0000 0.0168 0.0000 0.1400 0.1312 	27
15:	0.0000 0.0067 0.0116 0.0001 0.0000 0.0094 0.0031 0.6767 0.0009 0.2520 0.0396 	29
16:	0.5619 0.0003 0.0125 0.0450 0.0196 0.0017 0.2843 0.0003 0.0621 0.0115 0.0009 	30
17:	0.4323 0.0048 0.0077 0.0682 0.0565 0.0136 0.2370 0.0025 0.1475 0.0269 0.0032 	30
18:	0.1071 0.0000 0.0081 0.1901 0.5844 0.0002 0.0707 0.0000 0.0197 0.0184 0.0013 	29
19:	0.4011 0.0018 0.0075 0.0570 0.0353 0.0026 0.4245 0.0011 0.0585 0.0096 0.0009 	30
