1:	0.1617 0.0917 0.0549 0.1571 0.1888 0.0006 0.1594 0.0000 0.0001 0.0921 0.0937 	55
2:	0.1292 0.1161 0.2003 0.1295 0.0444 0.0000 0.1365 0.0000 0.0001 0.0994 0.1444 	45
3:	0.0792 0.1852 0.1517 0.1922 0.0463 0.0004 0.1394 0.0000 0.0039 0.0533 0.1484 	60
4:	0.0873 0.2044 0.1550 0.1832 0.0000 0.0000 0.1513 0.0000 0.0013 0.0574 0.1601 	59
5:	0.0000 0.0000 0.0007 0.0000 0.0074 0.4960 0.0000 0.4904 0.0055 0.0000 0.0000 	30
6:	0.0000 0.0000 0.0006 0.0000 0.0137 0.5688 0.0000 0.4126 0.0042 0.0000 0.0000 	27
7:	0.0000 0.0000 0.0003 0.0000 0.0046 0.4497 0.0002 0.5428 0.0024 0.0000 0.0000 	30
8:	0.0000 0.0000 0.0005 0.0000 0.0072 0.4688 0.0000 0.5201 0.0033 0.0000 0.0000 	28
9:	0.0000 0.0000 0.0005 0.0000 0.0088 0.5384 0.0000 0.4486 0.0035 0.0000 0.0002 	30
10:	0.0000 0.0000 0.0011 0.0000 0.0083 0.4741 0.0000 0.5135 0.0030 0.0000 0.0001 	28
11:	0.0006 0.0000 0.0007 0.0000 0.0080 0.6214 0.0001 0.3614 0.0049 0.0028 0.0000 	30
12:	0.2289 0.0047 0.0001 0.0027 0.1590 0.0003 0.0028 0.0041 0.0720 0.5235 0.0019 	30
13:	0.3036 0.0344 0.0011 0.0441 0.1206 0.0035 0.0250 0.0004 0.0092 0.4257 0.0325 	30
14:	0.2263 0.0000 0.0000 0.0000 0.0000 0.0000 0.0019 0.0000 0.0000 0.7716 0.0000 	2
15:	0.2797 0.0034 0.0008 0.0035 0.1652 0.0000 0.0014 0.0004 0.0022 0.5422 0.0014 	30
16:	0.4535 0.0279 0.0339 0.0125 0.0865 0.0000 0.0011 0.0029 0.1106 0.2678 0.0032 	30
