1:	0.2612 0.0138 0.0560 0.4919 0.1643 0.0127 	55
2:	0.2376 0.0017 0.2025 0.5144 0.0396 0.0043 	45
3:	0.1416 0.0025 0.1541 0.6522 0.0454 0.0041 	60
4:	0.1544 0.0000 0.1574 0.6857 0.0024 0.0002 	59
5:	0.0000 0.5585 0.0012 0.0000 0.0084 0.4319 	30
6:	0.0000 0.4915 0.0007 0.0000 0.0109 0.4968 	27
7:	0.0000 0.5840 0.0006 0.0000 0.0038 0.4116 	30
8:	0.0000 0.5947 0.0009 0.0000 0.0058 0.3986 	28
9:	0.0000 0.5594 0.0006 0.0000 0.0067 0.4332 	30
10:	0.0000 0.5988 0.0009 0.0000 0.0064 0.3939 	28
11:	0.0032 0.4311 0.0008 0.0001 0.0076 0.5573 	30
12:	0.7566 0.0126 0.0049 0.0063 0.2097 0.0099 	30
13:	0.7324 0.0051 0.0025 0.1297 0.1173 0.0129 	30
14:	1.0000 0.0000 0.0000 0.0000 0.0000 0.0000 	2
15:	0.8257 0.0101 0.0017 0.0043 0.1474 0.0108 	30
16:	0.7273 0.0107 0.0402 0.0382 0.1810 0.0027 	30
