1:	0.2461 0.0032 0.0523 0.2363 0.1678 0.0706 0.2119 0.0119 	55
2:	0.2196 0.0006 0.1852 0.2503 0.0402 0.0754 0.2134 0.0155 	45
3:	0.1273 0.0008 0.1396 0.3133 0.0411 0.0867 0.2713 0.0199 	60
4:	0.1433 0.0000 0.1419 0.3249 0.0000 0.0727 0.2903 0.0268 	59
5:	0.0000 0.9651 0.0013 0.0000 0.0156 0.0133 0.0000 0.0047 	30
6:	0.0000 0.9651 0.0011 0.0000 0.0206 0.0085 0.0000 0.0047 	27
7:	0.0000 0.9757 0.0006 0.0000 0.0128 0.0075 0.0002 0.0031 	30
8:	0.0000 0.9758 0.0012 0.0000 0.0101 0.0082 0.0000 0.0046 	28
9:	0.0000 0.9706 0.0005 0.0001 0.0152 0.0091 0.0001 0.0044 	30
10:	0.0000 0.9712 0.0016 0.0002 0.0134 0.0102 0.0000 0.0034 	28
11:	0.0033 0.9674 0.0010 0.0001 0.0153 0.0079 0.0001 0.0050 	30
12:	0.6803 0.0055 0.0011 0.0042 0.1583 0.0814 0.0074 0.0618 	30
13:	0.6657 0.0041 0.0020 0.0796 0.1130 0.0854 0.0370 0.0133 	30
14:	0.8597 0.0000 0.0000 0.0000 0.0000 0.1371 0.0033 0.0000 	2
15:	0.7259 0.0023 0.0013 0.0055 0.1515 0.1029 0.0072 0.0034 	30
16:	0.6953 0.0025 0.0333 0.0297 0.0973 0.0349 0.0154 0.0916 	30
