1:	0.0791 0.0000 0.0548 0.1800 0.1855 0.0012 0.1496 0.0000 0.0002 0.2036 0.1434 0.0015 0.0000 0.0011 0.0000 	55
2:	0.0619 0.0000 0.2001 0.1716 0.0432 0.0000 0.2298 0.0000 0.0002 0.1416 0.1504 0.0000 0.0000 0.0000 0.0013 	45
3:	0.0513 0.0000 0.1520 0.0837 0.0450 0.0000 0.2243 0.0000 0.0039 0.2679 0.1700 0.0000 0.0010 0.0006 0.0002 	60
4:	0.0558 0.0000 0.1548 0.0944 0.0000 0.0000 0.1971 0.0000 0.0018 0.2508 0.2452 0.0000 0.0000 0.0000 0.0000 	59
5:	0.0000 0.1180 0.0000 0.0000 0.0019 0.1504 0.0000 0.1730 0.0008 0.0000 0.0000 0.1587 0.1083 0.1889 0.0999 	30
6:	0.0000 0.2225 0.0000 0.0000 0.0028 0.2063 0.0000 0.1548 0.0008 0.0000 0.0000 0.0826 0.0693 0.1974 0.0634 	27
7:	0.0000 0.1664 0.0000 0.0000 0.0004 0.0969 0.0000 0.2143 0.0005 0.0000 0.0000 0.1969 0.1123 0.1599 0.0525 	30
8:	0.0000 0.1551 0.0000 0.0000 0.0000 0.0967 0.0000 0.0989 0.0002 0.0000 0.0000 0.1487 0.2196 0.1499 0.1310 	28
9:	0.0000 0.1555 0.0000 0.0000 0.0010 0.1508 0.0000 0.0597 0.0002 0.0000 0.0000 0.2285 0.0633 0.2168 0.1241 	30
10:	0.0000 0.1997 0.0003 0.0000 0.0011 0.1088 0.0000 0.1023 0.0012 0.0000 0.0000 0.2587 0.0758 0.1477 0.1044 	28
11:	0.0000 0.1906 0.0000 0.0012 0.0044 0.0788 0.0000 0.1081 0.0012 0.0000 0.0000 0.1982 0.1464 0.0629 0.2083 	30
12:	0.2474 0.0000 0.0001 0.5076 0.1563 0.0000 0.0061 0.0066 0.0726 0.0018 0.0009 0.0000 0.0000 0.0005 0.0001 	30
13:	0.2148 0.0000 0.0011 0.5177 0.1205 0.0001 0.0303 0.0000 0.0089 0.0660 0.0359 0.0001 0.0000 0.0044 0.0000 	30
14:	0.2147 0.0000 0.0000 0.7853 0.0000 0.0000 0.0000 0.0000 0.0000 0.0000 0.0000 0.0000 0.0000 0.0000 0.0000 	2
15:	0.2184 0.0002 0.0008 0.6042 0.1654 0.0000 0.0011 0.0000 0.0016 0.0026 0.0049 0.0009 0.0000 0.0000 0.0000 	30
16:	0.2271 0.0000 0.0341 0.5006 0.0835 0.0028 0.0025 0.0000 0.1104 0.0227 0.0131 0.0000 0.0000 0.0024 0.0009 	30
