1:	0.1886 0.0236 0.0555 0.3495 0.1606 0.0028 0.0031 0.0714 0.1448 	55
2:	0.1276 0.0023 0.2017 0.3564 0.0377 0.0044 0.0000 0.1080 0.1618 	45
3:	0.0810 0.0070 0.1533 0.4547 0.0439 0.0000 0.0000 0.0588 0.2012 	60
4:	0.1075 0.0000 0.1562 0.5038 0.0013 0.0002 0.0000 0.0476 0.1834 	59
5:	0.0000 0.3219 0.0006 0.0000 0.0058 0.3081 0.3636 0.0000 0.0000 	30
6:	0.0000 0.3381 0.0005 0.0000 0.0090 0.3663 0.2861 0.0000 0.0000 	27
7:	0.0000 0.3615 0.0003 0.0003 0.0019 0.2533 0.3826 0.0000 0.0000 	30
8:	0.0000 0.3924 0.0003 0.0000 0.0034 0.3146 0.2892 0.0000 0.0000 	28
9:	0.0000 0.3271 0.0003 0.0000 0.0043 0.2957 0.3726 0.0000 0.0000 	30
10:	0.0000 0.3782 0.0007 0.0000 0.0063 0.2759 0.3390 0.0000 0.0000 	28
11:	0.0010 0.3353 0.0004 0.0001 0.0055 0.4251 0.2306 0.0021 0.0000 	30
12:	0.4858 0.0191 0.0049 0.0016 0.2068 0.0039 0.0011 0.2728 0.0040 	30
13:	0.4325 0.0127 0.0020 0.0962 0.1134 0.0017 0.0060 0.3020 0.0336 	30
14:	0.5008 0.0000 0.0000 0.0000 0.0000 0.0000 0.0000 0.4992 0.0000 	2
15:	0.3743 0.0130 0.0012 0.0018 0.1445 0.0044 0.0062 0.4507 0.0038 	30
16:	0.5933 0.0046 0.0395 0.0341 0.1789 0.0000 0.0109 0.1293 0.0095 	30
