1:	0.1909 0.0007 0.0548 0.1557 0.1885 0.0256 0.1097 0.0000 0.0001 0.1235 0.0808 0.0697 	55
2:	0.1506 0.0000 0.2001 0.1188 0.0444 0.0534 0.1549 0.0000 0.0000 0.1153 0.0807 0.0818 	45
3:	0.0856 0.0004 0.1517 0.1420 0.0463 0.0371 0.1257 0.0000 0.0038 0.1991 0.0816 0.1267 	60
4:	0.1009 0.0000 0.1546 0.1518 0.0000 0.0217 0.1154 0.0000 0.0009 0.2116 0.1355 0.1077 	59
5:	0.0000 0.4919 0.0007 0.0000 0.0076 0.0000 0.0000 0.4941 0.0057 0.0000 0.0000 0.0000 	30
6:	0.0000 0.6003 0.0006 0.0000 0.0128 0.0000 0.0000 0.3817 0.0045 0.0000 0.0000 0.0000 	27
7:	0.0000 0.4721 0.0006 0.0000 0.0050 0.0000 0.0000 0.5201 0.0021 0.0002 0.0000 0.0000 	30
8:	0.0000 0.5149 0.0005 0.0000 0.0066 0.0000 0.0000 0.4740 0.0040 0.0000 0.0000 0.0000 	28
9:	0.0000 0.5342 0.0005 0.0000 0.0073 0.0000 0.0001 0.4535 0.0044 0.0000 0.0000 0.0000 	30
10:	0.0000 0.4745 0.0009 0.0000 0.0087 0.0000 0.0000 0.5131 0.0026 0.0002 0.0000 0.0000 	28
11:	0.0012 0.6269 0.0008 0.0000 0.0083 0.0024 0.0000 0.3552 0.0049 0.0000 0.0002 0.0000 	30
12:	0.3339 0.0002 0.0001 0.0044 0.1591 0.3270 0.0027 0.0041 0.0712 0.0031 0.0933 0.0009 	30
13:	0.3523 0.0032 0.0010 0.0272 0.1203 0.3144 0.0352 0.0003 0.0093 0.0307 0.0819 0.0243 	30
14:	0.2857 0.0000 0.0000 0.0000 0.0000 0.7142 0.0000 0.0000 0.0000 0.0001 0.0000 0.0000 	2
15:	0.2886 0.0000 0.0006 0.0018 0.1652 0.4911 0.0002 0.0000 0.0017 0.0027 0.0431 0.0050 	30
16:	0.5457 0.0000 0.0338 0.0090 0.0863 0.0648 0.0058 0.0032 0.1105 0.0103 0.1192 0.0114 	30
