1.0000 0.9983 0.9983 0.5870 0.9964 0.5869 0.5869 0.9988 0.9985 0.5868 0.9955 0.5865 0.9963 0.5867 0.5865 0.5867 0.9960 0.9959 0.9956 0.9965
0.9983 1.0000 0.9985 0.5874 0.9971 0.5873 0.5873 0.9989 0.9988 0.5872 0.9959 0.5869 0.9970 0.5871 0.5869 0.5871 0.9966 0.9966 0.9961 0.9972
0.9983 0.9985 1.0000 0.5871 0.9967 0.5870 0.5870 0.9987 0.9989 0.5869 0.9959 0.5866 0.9964 0.5869 0.5866 0.5868 0.9961 0.9961 0.9960 0.9966
0.5870 0.5874 0.5871 1.0000 0.5877 0.9985 0.9983 0.5872 0.5871 0.9978 0.5877 0.9967 0.5877 0.9977 0.9970 0.9973 0.5879 0.5879 0.5878 0.5878
0.9964 0.9971 0.9967 0.5877 1.0000 0.5877 0.5876 0.9966 0.9966 0.5875 0.9975 0.5872 0.9990 0.5875 0.5873 0.5874 0.9986 0.9986 0.9979 0.9991
0.5869 0.5873 0.5870 0.9985 0.5877 1.0000 0.9986 0.5871 0.5871 0.9981 0.5876 0.9969 0.5877 0.9979 0.9972 0.9975 0.5878 0.5878 0.5877 0.5877
0.5869 0.5873 0.5870 0.9983 0.5876 0.9986 1.0000 0.5871 0.5870 0.9980 0.5876 0.9970 0.5877 0.9980 0.9973 0.9976 0.5878 0.5878 0.5877 0.5877
0.9988 0.9989 0.9987 0.5872 0.9966 0.5871 0.5871 1.0000 0.9990 0.5870 0.9956 0.5867 0.9965 0.5869 0.5867 0.5869 0.9962 0.9962 0.9958 0.9967
0.9985 0.9988 0.9989 0.5871 0.9966 0.5871 0.5870 0.9990 1.0000 0.5869 0.9957 0.5866 0.9966 0.5869 0.5867 0.5868 0.9962 0.9962 0.9959 0.9967
0.5868 0.5872 0.5869 0.9978 0.5875 0.9981 0.9980 0.5870 0.5869 1.0000 0.5874 0.9981 0.5875 0.9994 0.9985 0.9991 0.5877 0.5877 0.5875 0.5876
0.9955 0.9959 0.9959 0.5877 0.9975 0.5876 0.5876 0.9956 0.9957 0.5874 1.0000 0.5872 0.9974 0.5874 0.5872 0.5873 0.9975 0.9975 0.9988 0.9973
0.5865 0.5869 0.5866 0.9967 0.5872 0.9969 0.9970 0.5867 0.5866 0.9981 0.5872 1.0000 0.5872 0.9983 0.9990 0.9984 0.5874 0.5874 0.5873 0.5873
0.9963 0.9970 0.9964 0.5877 0.9990 0.5877 0.5877 0.9965 0.9966 0.5875 0.9974 0.5872 1.0000 0.5875 0.5873 0.5874 0.9988 0.9988 0.9977 0.9993
0.5867 0.5871 0.5869 0.9977 0.5875 0.9979 0.9980 0.5869 0.5869 0.9994 0.5874 0.9983 0.5875 1.0000 0.9987 0.9994 0.5876 0.5876 0.5875 0.5875
0.5865 0.5869 0.5866 0.9970 0.5873 0.9972 0.9973 0.5867 0.5867 0.9985 0.5872 0.9990 0.5873 0.9987 1.0000 0.9989 0.5874 0.5874 0.5873 0.5873
0.5867 0.5871 0.5868 0.9973 0.5874 0.9975 0.9976 0.5869 0.5868 0.9991 0.5873 0.9984 0.5874 0.9994 0.9989 1.0000 0.5876 0.5876 0.5874 0.5875
0.9960 0.9966 0.9961 0.5879 0.9986 0.5878 0.5878 0.9962 0.9962 0.5877 0.9975 0.5874 0.9988 0.5876 0.5874 0.5876 1.0000 0.9998 0.9980 0.9989
0.9959 0.9966 0.9961 0.5879 0.9986 0.5878 0.5878 0.9962 0.9962 0.5877 0.9975 0.5874 0.9988 0.5876 0.5874 0.5876 0.9998 1.0000 0.9980 0.9989
0.9956 0.9961 0.9960 0.5878 0.9979 0.5877 0.5877 0.9958 0.9959 0.5875 0.9988 0.5873 0.9977 0.5875 0.5873 0.5874 0.9980 0.9980 1.0000 0.9977
0.9965 0.9972 0.9966 0.5878 0.9991 0.5877 0.5877 0.9967 0.9967 0.5876 0.9973 0.5873 0.9993 0.5875 0.5873 0.5875 0.9989 0.9989 0.9977 1.0000
