1:	0.7500 0.0281 0.1426 0.0793 	30
2:	0.8397 0.0186 0.0502 0.0915 	30
3:	0.7171 0.0131 0.0084 0.2614 	30
4:	0.5339 0.0616 0.0595 0.3451 	22
5:	0.6307 0.0112 0.0166 0.3415 	30
6:	0.6091 0.0600 0.1723 0.1586 	30
7:	0.5389 0.0391 0.0582 0.3639 	30
8:	0.7134 0.0027 0.0344 0.2495 	30
9:	0.0226 0.4997 0.4602 0.0175 	28
10:	0.0263 0.8119 0.1221 0.0397 	27
11:	0.0011 0.2408 0.7550 0.0031 	25
12:	0.0004 0.6892 0.3066 0.0038 	28
13:	0.0000 0.9007 0.0944 0.0049 	24
14:	0.0014 0.3936 0.6049 0.0001 	27
15:	0.0046 0.5979 0.3964 0.0010 	29
16:	0.8903 0.0094 0.0540 0.0463 	30
17:	0.7612 0.0435 0.0917 0.1037 	30
18:	0.2038 0.1538 0.0304 0.6120 	29
19:	0.8665 0.0153 0.0465 0.0717 	30
