1.0000 0.7195 0.8319 0.9517 0.7732 0.8030 0.7580 0.8927 0.7717 0.7973 0.7717 0.7985 0.9337 0.6790 0.6887 0.7845 0.7344 0.7701 0.8022 0.9917
0.7195 1.0000 0.7587 0.7366 0.6540 0.6592 0.7070 0.7604 0.7266 0.7431 0.7264 0.7157 0.7123 0.6571 0.6695 0.7342 0.6278 0.7249 0.7198 0.7222
0.8319 0.7587 1.0000 0.8542 0.7141 0.7343 0.7353 0.8875 0.7368 0.7838 0.7365 0.7408 0.8503 0.6995 0.6537 0.7456 0.6806 0.7348 0.7445 0.8335
0.9517 0.7366 0.8542 1.0000 0.7620 0.7942 0.7565 0.9263 0.7771 0.7969 0.7770 0.7976 0.9193 0.6860 0.6893 0.7908 0.7304 0.7752 0.8024 0.9549
0.7732 0.6540 0.7141 0.7620 1.0000 0.7870 0.6942 0.7500 0.6957 0.6876 0.6957 0.7081 0.7642 0.6073 0.6485 0.7067 0.6383 0.6950 0.6932 0.7728
0.8030 0.6592 0.7343 0.7942 0.7870 1.0000 0.7065 0.7749 0.7144 0.7046 0.7145 0.7687 0.7837 0.6222 0.6569 0.7160 0.6701 0.7133 0.7602 0.8029
0.7580 0.7070 0.7353 0.7565 0.6942 0.7065 1.0000 0.7379 0.7393 0.8121 0.7396 0.7411 0.7668 0.6700 0.6571 0.7463 0.6599 0.7381 0.7473 0.7598
0.8927 0.7604 0.8875 0.9263 0.7500 0.7749 0.7379 1.0000 0.7636 0.7789 0.7634 0.7767 0.8736 0.6810 0.6815 0.7769 0.7169 0.7613 0.7808 0.8946
0.7717 0.7266 0.7368 0.7771 0.6957 0.7144 0.7393 0.7636 1.0000 0.7664 0.9975 0.7823 0.7635 0.6454 0.6757 0.9449 0.6477 0.9927 0.7796 0.7743
0.7973 0.7431 0.7838 0.7969 0.6876 0.7046 0.8121 0.7789 0.7664 1.0000 0.7663 0.7730 0.8123 0.7090 0.7043 0.7759 0.6735 0.7649 0.7851 0.8002
0.7717 0.7264 0.7365 0.7770 0.6957 0.7145 0.7396 0.7634 0.9975 0.7663 1.0000 0.7823 0.7634 0.6452 0.6757 0.9448 0.6478 0.9925 0.7797 0.7743
0.7985 0.7157 0.7408 0.7976 0.7081 0.7687 0.7411 0.7767 0.7823 0.7730 0.7823 1.0000 0.7796 0.6455 0.7013 0.7827 0.6722 0.7807 0.9568 0.8011
0.9337 0.7123 0.8503 0.9193 0.7642 0.7837 0.7668 0.8736 0.7635 0.8123 0.7634 0.7796 1.0000 0.7038 0.6724 0.7756 0.7146 0.7619 0.7827 0.9329
0.6790 0.6571 0.6995 0.6860 0.6073 0.6222 0.6700 0.6810 0.6454 0.7090 0.6452 0.6455 0.7038 1.0000 0.5862 0.6515 0.5738 0.6443 0.6486 0.6802
0.6887 0.6695 0.6537 0.6893 0.6485 0.6569 0.6571 0.6815 0.6757 0.7043 0.6757 0.7013 0.6724 0.5862 1.0000 0.6820 0.7196 0.6747 0.6969 0.6907
0.7845 0.7342 0.7456 0.7908 0.7067 0.7160 0.7463 0.7769 0.9449 0.7759 0.9448 0.7827 0.7756 0.6515 0.6820 1.0000 0.6563 0.9431 0.7811 0.7874
0.7344 0.6278 0.6806 0.7304 0.6383 0.6701 0.6599 0.7169 0.6477 0.6735 0.6478 0.6722 0.7146 0.5738 0.7196 0.6563 1.0000 0.6467 0.6801 0.7349
0.7701 0.7249 0.7348 0.7752 0.6950 0.7133 0.7381 0.7613 0.9927 0.7649 0.9925 0.7807 0.7619 0.6443 0.6747 0.9431 0.6467 1.0000 0.7781 0.7727
0.8022 0.7198 0.7445 0.8024 0.6932 0.7602 0.7473 0.7808 0.7796 0.7851 0.7797 0.9568 0.7827 0.6486 0.6969 0.7811 0.6801 0.7781 1.0000 0.8051
0.9917 0.7222 0.8335 0.9549 0.7728 0.8029 0.7598 0.8946 0.7743 0.8002 0.7743 0.8011 0.9329 0.6802 0.6907 0.7874 0.7349 0.7727 0.8051 1.0000
