1:	0.2726 0.0032 0.0023 0.0359 0.0372 0.0008 0.2040 0.0012 0.3823 0.0543 0.0062 	30
2:	0.3246 0.0007 0.0003 0.0848 0.0167 0.0012 0.3170 0.0009 0.1461 0.1065 0.0010 	30
3:	0.3192 0.0000 0.0017 0.3319 0.0226 0.0001 0.2099 0.0005 0.0083 0.1057 0.0001 	30
4:	0.1055 0.0025 0.0050 0.2987 0.0650 0.0017 0.1656 0.0042 0.0937 0.2555 0.0027 	22
5:	0.1568 0.0000 0.0031 0.4776 0.0108 0.0023 0.2106 0.0004 0.0324 0.1060 0.0001 	30
6:	0.0729 0.0013 0.0089 0.0771 0.0441 0.0025 0.1898 0.0052 0.4448 0.1455 0.0078 	30
7:	0.1777 0.0008 0.0079 0.4121 0.0329 0.0018 0.0670 0.0034 0.1184 0.1752 0.0028 	30
8:	0.2484 0.0004 0.0001 0.3121 0.0110 0.0025 0.2629 0.0024 0.0577 0.1021 0.0003 	30
9:	0.0060 0.0042 0.4350 0.0049 0.0112 0.4891 0.0175 0.0082 0.0003 0.0019 0.0217 	28
10:	0.0004 0.0037 0.0788 0.0169 0.0088 0.8361 0.0079 0.0158 0.0063 0.0032 0.0222 	27
11:	0.0027 0.0226 0.7077 0.0004 0.0026 0.1398 0.0000 0.0211 0.0079 0.0005 0.0948 	25
12:	0.0000 0.7456 0.1935 0.0000 0.0000 0.0031 0.0000 0.0420 0.0011 0.0001 0.0145 	28
13:	0.0000 0.0221 0.0775 0.0000 0.0034 0.0157 0.0000 0.0187 0.0019 0.0002 0.8605 	24
14:	0.0019 0.0173 0.5806 0.0001 0.0005 0.2511 0.0002 0.0159 0.0000 0.0007 0.1318 	27
15:	0.0000 0.0072 0.1644 0.0001 0.0007 0.0119 0.0035 0.6805 0.0014 0.0002 0.1302 	29
16:	0.5555 0.0010 0.0131 0.0397 0.0100 0.0012 0.2668 0.0019 0.0575 0.0526 0.0008 	30
17:	0.4167 0.0059 0.0167 0.0576 0.0375 0.0093 0.2261 0.0045 0.1414 0.0818 0.0026 	30
18:	0.0800 0.0000 0.0095 0.1671 0.5374 0.0003 0.0624 0.0005 0.0207 0.1217 0.0004 	29
19:	0.3900 0.0022 0.0083 0.0523 0.0240 0.0014 0.4150 0.0025 0.0506 0.0529 0.0007 	30
