1:	0.1256 0.0005 0.0562 0.4820 0.1894 0.0004 0.1449 0.0010 	55
2:	0.1330 0.0000 0.2021 0.5061 0.0450 0.0000 0.1131 0.0007 	45
3:	0.0882 0.0002 0.1541 0.6413 0.0472 0.0001 0.0641 0.0049 	60
4:	0.0834 0.0000 0.1569 0.6734 0.0002 0.0000 0.0829 0.0032 	59
5:	0.0000 0.5356 0.0006 0.0000 0.0073 0.4506 0.0000 0.0058 	30
6:	0.0000 0.5160 0.0008 0.0000 0.0118 0.4667 0.0000 0.0047 	27
7:	0.0000 0.6171 0.0002 0.0000 0.0058 0.3749 0.0000 0.0021 	30
8:	0.0000 0.5102 0.0004 0.0000 0.0056 0.4793 0.0000 0.0045 	28
9:	0.0000 0.5321 0.0004 0.0000 0.0092 0.4547 0.0000 0.0035 	30
10:	0.0000 0.6323 0.0008 0.0000 0.0077 0.3563 0.0000 0.0029 	28
11:	0.0018 0.4017 0.0006 0.0000 0.0077 0.5814 0.0017 0.0051 	30
12:	0.5039 0.0046 0.0002 0.0041 0.1586 0.0000 0.2560 0.0726 	30
13:	0.4142 0.0001 0.0018 0.1263 0.1209 0.0039 0.3225 0.0103 	30
14:	0.7191 0.0000 0.0000 0.0000 0.0000 0.0000 0.2808 0.0000 	2
15:	0.4699 0.0007 0.0010 0.0019 0.1655 0.0000 0.3590 0.0020 	30
16:	0.3470 0.0009 0.0343 0.0345 0.0866 0.0019 0.3843 0.1106 	30
