1:	0.5720 0.0056 0.0874 0.0530 0.0456 0.0006 0.2173 0.0050 0.0134 	30
2:	0.4741 0.0007 0.0288 0.0959 0.0402 0.0020 0.3528 0.0027 0.0027 	30
3:	0.3422 0.0000 0.0044 0.3705 0.0384 0.0009 0.2427 0.0006 0.0003 	30
4:	0.1996 0.0024 0.0341 0.3682 0.1436 0.0064 0.2311 0.0111 0.0034 	22
5:	0.2037 0.0000 0.0078 0.5210 0.0216 0.0053 0.2394 0.0009 0.0004 	30
6:	0.4130 0.0042 0.1262 0.1100 0.0974 0.0046 0.2148 0.0115 0.0183 	30
7:	0.3394 0.0020 0.0176 0.4574 0.0708 0.0058 0.0912 0.0085 0.0073 	30
8:	0.2992 0.0011 0.0130 0.3729 0.0125 0.0034 0.2908 0.0063 0.0009 	30
9:	0.0066 0.0043 0.4368 0.0054 0.0089 0.4878 0.0175 0.0087 0.0240 	28
10:	0.0020 0.0031 0.0794 0.0191 0.0038 0.8436 0.0077 0.0175 0.0237 	27
11:	0.0019 0.0187 0.7251 0.0008 0.0000 0.1412 0.0000 0.0097 0.1027 	25
12:	0.0000 0.7469 0.2171 0.0000 0.0000 0.0030 0.0000 0.0184 0.0145 	28
13:	0.0000 0.0135 0.0779 0.0000 0.0006 0.0148 0.0000 0.0210 0.8723 	24
14:	0.0018 0.0161 0.5788 0.0000 0.0000 0.2507 0.0003 0.0163 0.1362 	27
15:	0.0000 0.0075 0.2017 0.0000 0.0000 0.0126 0.0033 0.7186 0.0563 	29
16:	0.5830 0.0009 0.0271 0.0513 0.0206 0.0029 0.3131 0.0005 0.0006 	30
17:	0.5242 0.0051 0.0519 0.0751 0.0610 0.0151 0.2578 0.0063 0.0036 	30
18:	0.0878 0.0007 0.0246 0.2001 0.6002 0.0008 0.0845 0.0000 0.0014 	29
19:	0.3940 0.0018 0.0243 0.0695 0.0374 0.0032 0.4681 0.0011 0.0006 	30
