1:	0.1718 0.0024 0.0016 0.0252 0.0331 0.0000 0.1897 0.0005 0.3656 0.0301 0.0049 0.1423 0.0127 0.0200 	30
2:	0.2923 0.0004 0.0002 0.0594 0.0016 0.0003 0.2924 0.0005 0.1296 0.0639 0.0002 0.1084 0.0092 0.0414 	30
3:	0.3744 0.0000 0.0012 0.2562 0.0145 0.0000 0.1995 0.0001 0.0042 0.0363 0.0000 0.0383 0.0229 0.0523 	30
4:	0.1637 0.0020 0.0038 0.2355 0.0132 0.0003 0.1485 0.0021 0.0506 0.2305 0.0010 0.0141 0.0457 0.0890 	22
5:	0.2514 0.0000 0.0018 0.3907 0.0023 0.0004 0.2024 0.0000 0.0275 0.0341 0.0002 0.0085 0.0114 0.0693 	30
6:	0.0943 0.0010 0.0096 0.0606 0.0131 0.0005 0.1883 0.0012 0.4308 0.1397 0.0050 0.0065 0.0201 0.0292 	30
7:	0.2486 0.0004 0.0054 0.3437 0.0074 0.0005 0.0627 0.0012 0.1093 0.1093 0.0008 0.0206 0.0205 0.0697 	30
8:	0.2876 0.0000 0.0003 0.2406 0.0113 0.0011 0.2627 0.0013 0.0311 0.0025 0.0003 0.0380 0.0484 0.0748 	30
9:	0.0063 0.0034 0.4287 0.0033 0.0087 0.3841 0.0175 0.0059 0.0000 0.0000 0.0154 0.0041 0.0809 0.0418 	28
10:	0.0003 0.0009 0.0666 0.0091 0.0048 0.5397 0.0073 0.0093 0.0028 0.0012 0.0183 0.0006 0.3105 0.0287 	27
11:	0.0003 0.0182 0.7010 0.0001 0.0022 0.0881 0.0000 0.0051 0.0052 0.0000 0.0817 0.0047 0.0554 0.0381 	25
12:	0.0000 0.7452 0.2111 0.0000 0.0000 0.0008 0.0000 0.0150 0.0018 0.0000 0.0120 0.0000 0.0097 0.0046 	28
13:	0.0000 0.0111 0.0712 0.0000 0.0008 0.0134 0.0000 0.0190 0.0012 0.0000 0.8626 0.0000 0.0148 0.0059 	24
14:	0.0005 0.0159 0.5634 0.0000 0.0001 0.1971 0.0004 0.0160 0.0000 0.0001 0.0984 0.0038 0.0525 0.0518 	27
15:	0.0000 0.0064 0.2028 0.0000 0.0009 0.0112 0.0033 0.7231 0.0014 0.0000 0.0441 0.0000 0.0012 0.0057 	29
16:	0.2643 0.0008 0.0058 0.0264 0.0021 0.0000 0.2079 0.0003 0.0186 0.0349 0.0003 0.3976 0.0092 0.0317 	30
17:	0.1940 0.0018 0.0071 0.0442 0.0147 0.0009 0.1732 0.0014 0.0971 0.0840 0.0021 0.3183 0.0237 0.0373 	30
18:	0.0529 0.0000 0.0008 0.0944 0.5020 0.0003 0.0308 0.0000 0.0000 0.1245 0.0003 0.0860 0.0000 0.1080 	29
19:	0.1884 0.0016 0.0036 0.0352 0.0141 0.0000 0.3445 0.0007 0.0171 0.0371 0.0001 0.3009 0.0123 0.0443 	30
