1:	0.0846 0.0016 0.0408 0.1304 0.1735 0.0011 0.1878 0.0032 0.0061 0.2990 0.0026 0.0021 0.0674 	55
2:	0.0822 0.0006 0.1555 0.1236 0.0408 0.0003 0.1986 0.0001 0.0007 0.3141 0.0011 0.0011 0.0814 	45
3:	0.0683 0.0000 0.1260 0.0544 0.0439 0.0011 0.2584 0.0008 0.0025 0.3914 0.0019 0.0007 0.0506 	60
4:	0.0525 0.0000 0.1353 0.0807 0.0005 0.0001 0.2651 0.0000 0.0015 0.4170 0.0001 0.0000 0.0474 	59
5:	0.0000 0.1025 0.0002 0.0000 0.0016 0.1339 0.0000 0.2741 0.0539 0.0000 0.2026 0.2310 0.0001 	30
6:	0.0000 0.2191 0.0001 0.0000 0.0031 0.1786 0.0000 0.1745 0.0651 0.0000 0.1766 0.1828 0.0000 	27
7:	0.0000 0.2769 0.0000 0.0000 0.0004 0.1616 0.0000 0.1968 0.0422 0.0000 0.1474 0.1747 0.0000 	30
8:	0.0000 0.1801 0.0000 0.0000 0.0018 0.1329 0.0000 0.2704 0.0829 0.0000 0.1183 0.2134 0.0001 	28
9:	0.0000 0.2467 0.0001 0.0000 0.0036 0.1155 0.0000 0.2044 0.0395 0.0000 0.1883 0.2019 0.0000 	30
10:	0.0000 0.3134 0.0001 0.0000 0.0026 0.1317 0.0000 0.2020 0.0621 0.0000 0.1145 0.1735 0.0002 	28
11:	0.0014 0.1910 0.0001 0.0003 0.0027 0.2875 0.0000 0.1789 0.0472 0.0000 0.1713 0.1195 0.0001 	30
12:	0.4819 0.0059 0.0018 0.1340 0.1745 0.0022 0.0040 0.0024 0.0448 0.0017 0.0032 0.0001 0.1436 	30
13:	0.3731 0.0012 0.0010 0.2086 0.1155 0.0066 0.0528 0.0022 0.0067 0.0761 0.0002 0.0017 0.1545 	30
14:	0.7199 0.0000 0.0000 0.0936 0.0000 0.0000 0.0000 0.0000 0.0000 0.0000 0.0000 0.0000 0.1865 	2
15:	0.4540 0.0000 0.0008 0.2201 0.1540 0.0011 0.0020 0.0015 0.0068 0.0006 0.0034 0.0008 0.1549 	30
16:	0.2138 0.0014 0.0356 0.3897 0.1216 0.0005 0.0140 0.0046 0.0674 0.0223 0.0011 0.0015 0.1265 	30
