1.0000 0.7050 0.7562 0.7038 0.6668 0.7899 0.7778 0.7998 0.7047 0.6930 0.6753 0.7151 0.6953 0.6867 0.6921 0.7607 0.6904 0.6704 0.7030 0.6661
0.7050 1.0000 0.8027 0.9640 0.8034 0.7717 0.6894 0.7052 0.7324 0.8084 0.7031 0.8394 0.7295 0.8744 0.9115 0.7723 0.9267 0.7877 0.7637 0.7077
0.7562 0.8027 1.0000 0.8088 0.7644 0.8589 0.7266 0.7670 0.8022 0.7423 0.6758 0.7487 0.7087 0.7866 0.7727 0.7249 0.7816 0.7514 0.7035 0.6878
0.7038 0.9640 0.8088 1.0000 0.8079 0.7676 0.6860 0.7051 0.7385 0.8063 0.7017 0.8304 0.7230 0.8904 0.8965 0.7658 0.9178 0.7937 0.7624 0.7066
0.6668 0.8034 0.7644 0.8079 1.0000 0.7302 0.6565 0.6819 0.7870 0.7315 0.7674 0.7457 0.7808 0.7782 0.7689 0.7217 0.7765 0.7247 0.6946 0.7742
0.7899 0.7717 0.8589 0.7676 0.7302 1.0000 0.7633 0.8054 0.7540 0.7476 0.6968 0.7920 0.7146 0.7458 0.7625 0.7610 0.7532 0.7227 0.7271 0.6992
0.7778 0.6894 0.7266 0.6860 0.6565 0.7633 1.0000 0.7729 0.6993 0.6737 0.6494 0.7042 0.6930 0.6696 0.6805 0.7462 0.6750 0.6484 0.6709 0.6455
0.7998 0.7052 0.7670 0.7051 0.6819 0.8054 0.7729 1.0000 0.7132 0.6880 0.6693 0.7191 0.6769 0.6937 0.6918 0.7656 0.6888 0.6695 0.6854 0.6611
0.7047 0.7324 0.8022 0.7385 0.7870 0.7540 0.6993 0.7132 1.0000 0.6761 0.6915 0.6834 0.7555 0.7266 0.7026 0.6759 0.7106 0.6782 0.6469 0.7028
0.6930 0.8084 0.7423 0.8063 0.7315 0.7476 0.6737 0.6880 0.6761 1.0000 0.7720 0.8260 0.6769 0.7762 0.7957 0.7418 0.7958 0.8396 0.8626 0.7858
0.6753 0.7031 0.6758 0.7017 0.7674 0.6968 0.6494 0.6693 0.6915 0.7720 1.0000 0.7360 0.7224 0.6802 0.6878 0.7125 0.6843 0.7250 0.7999 0.8871
0.7151 0.8394 0.7487 0.8304 0.7457 0.7920 0.7042 0.7191 0.6834 0.8260 0.7360 1.0000 0.7102 0.7952 0.8306 0.7894 0.8207 0.7727 0.8234 0.7253
0.6953 0.7295 0.7087 0.7230 0.7808 0.7146 0.6930 0.6769 0.7555 0.6769 0.7224 0.7102 1.0000 0.6963 0.7145 0.7047 0.7098 0.6578 0.6595 0.7247
0.6867 0.8744 0.7866 0.8904 0.7782 0.7458 0.6696 0.6937 0.7266 0.7762 0.6802 0.7952 0.6963 1.0000 0.8665 0.7325 0.8895 0.7900 0.7434 0.6973
0.6921 0.9115 0.7727 0.8965 0.7689 0.7625 0.6805 0.6918 0.7026 0.7957 0.6878 0.8306 0.7145 0.8665 1.0000 0.7592 0.9463 0.7661 0.7554 0.6885
0.7607 0.7723 0.7249 0.7658 0.7217 0.7610 0.7462 0.7656 0.6759 0.7418 0.7125 0.7894 0.7047 0.7325 0.7592 1.0000 0.7528 0.7026 0.7424 0.6953
0.6904 0.9267 0.7816 0.9178 0.7765 0.7532 0.6750 0.6888 0.7106 0.7958 0.6843 0.8207 0.7098 0.8895 0.9463 0.7528 1.0000 0.7765 0.7510 0.6885
0.6704 0.7877 0.7514 0.7937 0.7247 0.7227 0.6484 0.6695 0.6782 0.8396 0.7250 0.7727 0.6578 0.7900 0.7661 0.7026 0.7765 1.0000 0.7941 0.7485
0.7030 0.7637 0.7035 0.7624 0.6946 0.7271 0.6709 0.6854 0.6469 0.8626 0.7999 0.8234 0.6595 0.7434 0.7554 0.7424 0.7510 0.7941 1.0000 0.7713
0.6661 0.7077 0.6878 0.7066 0.7742 0.6992 0.6455 0.6611 0.7028 0.7858 0.8871 0.7253 0.7247 0.6973 0.6885 0.6953 0.6885 0.7485 0.7713 1.0000
