1.0000	0.4728	0.4812	0.4812	0.4812	0.4564	0.4324	0.4306	0.4283	0.5319	0.4931	0.4522	0.6093	0.5156	0.5475	0.4647	0.4613	0.4589	0.4674	0.4380
0.4728	1.0000	0.5415	0.5415	0.5415	0.5690	0.4715	0.4402	0.4455	0.5900	0.4700	0.5115	0.5024	0.5468	0.4667	0.4493	0.5297	0.4534	0.5526	0.4309
0.4812	0.5415	1.0000	1.0000	1.0000	0.5510	0.4684	0.4111	0.4348	0.5542	0.4627	0.5276	0.4730	0.5354	0.4868	0.4643	0.5430	0.4488	0.5738	0.4198
0.4812	0.5415	1.0000	1.0000	1.0000	0.5510	0.4684	0.4111	0.4348	0.5542	0.4627	0.5276	0.4730	0.5354	0.4868	0.4643	0.5430	0.4488	0.5738	0.4198
0.4812	0.5415	1.0000	1.0000	1.0000	0.5510	0.4684	0.4111	0.4348	0.5542	0.4627	0.5276	0.4730	0.5354	0.4868	0.4643	0.5430	0.4488	0.5738	0.4198
0.4564	0.5690	0.5510	0.5510	0.5510	1.0000	0.5569	0.4293	0.4789	0.5547	0.4606	0.6004	0.4484	0.5014	0.4532	0.4671	0.5165	0.4331	0.5284	0.5290
0.4324	0.4715	0.4684	0.4684	0.4684	0.5569	1.0000	0.5124	0.5347	0.4586	0.5121	0.5165	0.4519	0.4694	0.4557	0.5101	0.4311	0.4361	0.4640	0.5691
0.4306	0.4402	0.4111	0.4111	0.4111	0.4293	0.5124	1.0000	0.5068	0.4527	0.5337	0.4451	0.4323	0.4528	0.4369	0.4753	0.4387	0.4398	0.4241	0.4360
0.4283	0.4455	0.4348	0.4348	0.4348	0.4789	0.5347	0.5068	1.0000	0.4397	0.5473	0.4374	0.4317	0.4509	0.4614	0.5569	0.4490	0.5235	0.4234	0.4593
0.5319	0.5900	0.5542	0.5542	0.5542	0.5547	0.4586	0.4527	0.4397	1.0000	0.5551	0.5498	0.5261	0.5802	0.5138	0.4741	0.5644	0.4943	0.5883	0.4153
0.4931	0.4700	0.4627	0.4627	0.4627	0.4606	0.5121	0.5337	0.5473	0.5551	1.0000	0.4445	0.5142	0.5391	0.5085	0.6440	0.5357	0.5436	0.4774	0.4665
0.4522	0.5115	0.5276	0.5276	0.5276	0.6004	0.5165	0.4451	0.4374	0.5498	0.4445	1.0000	0.4434	0.4898	0.4685	0.4109	0.4850	0.4027	0.5109	0.5060
0.6093	0.5024	0.4730	0.4730	0.4730	0.4484	0.4519	0.4323	0.4317	0.5261	0.5142	0.4434	1.0000	0.5154	0.5326	0.4694	0.4746	0.4558	0.4809	0.4363
0.5156	0.5468	0.5354	0.5354	0.5354	0.5014	0.4694	0.4528	0.4509	0.5802	0.5391	0.4898	0.5154	1.0000	0.5167	0.5114	0.5656	0.5032	0.5425	0.4105
0.5475	0.4667	0.4868	0.4868	0.4868	0.4532	0.4557	0.4369	0.4614	0.5138	0.5085	0.4685	0.5326	0.5167	1.0000	0.4694	0.4627	0.4592	0.4719	0.4355
0.4647	0.4493	0.4643	0.4643	0.4643	0.4671	0.5101	0.4753	0.5569	0.4741	0.6440	0.4109	0.4694	0.5114	0.4694	1.0000	0.4901	0.5275	0.4410	0.4873
0.4613	0.5297	0.5430	0.5430	0.5430	0.5165	0.4311	0.4387	0.4490	0.5644	0.5357	0.4850	0.4746	0.5656	0.4627	0.4901	1.0000	0.4842	0.4934	0.3952
0.4589	0.4534	0.4488	0.4488	0.4488	0.4331	0.4361	0.4398	0.5235	0.4943	0.5436	0.4027	0.4558	0.5032	0.4592	0.5275	0.4842	1.0000	0.4638	0.4431
0.4674	0.5526	0.5738	0.5738	0.5738	0.5284	0.4640	0.4241	0.4234	0.5883	0.4774	0.5109	0.4809	0.5425	0.4719	0.4410	0.4934	0.4638	1.0000	0.4098
0.4380	0.4309	0.4198	0.4198	0.4198	0.5290	0.5691	0.4360	0.4593	0.4153	0.4665	0.5060	0.4363	0.4105	0.4355	0.4873	0.3952	0.4431	0.4098	1.0000
