1:	0.2613 0.0176 0.0561 0.4919 0.1732 	55
2:	0.2377 0.0036 0.2025 0.5143 0.0419 	45
3:	0.1419 0.0046 0.1543 0.6520 0.0473 	60
4:	0.1546 0.0000 0.1574 0.6855 0.0025 	59
5:	0.0000 0.9843 0.0016 0.0000 0.0141 	30
6:	0.0000 0.9819 0.0011 0.0000 0.0170 	27
7:	0.0000 0.9914 0.0009 0.0004 0.0074 	30
8:	0.0000 0.9893 0.0015 0.0000 0.0092 	28
9:	0.0000 0.9885 0.0008 0.0001 0.0106 	30
10:	0.0000 0.9890 0.0017 0.0003 0.0090 	28
11:	0.0044 0.9827 0.0012 0.0001 0.0116 	30
12:	0.7564 0.0151 0.0053 0.0066 0.2166 	30
13:	0.7324 0.0121 0.0026 0.1299 0.1230 	30
14:	1.0000 0.0000 0.0000 0.0000 0.0000 	2
15:	0.8254 0.0117 0.0017 0.0047 0.1565 	30
16:	0.7270 0.0098 0.0408 0.0385 0.1838 	30
