1.0000 0.4800 0.4800 0.5765 0.5765 0.5062 0.5173 0.4792 0.5020 0.4606 0.4358 0.4845 0.4906 0.4611 0.5024 0.4945 0.4981 0.4466 0.5052 0.4800
0.4800 1.0000 1.0000 0.5569 0.5569 0.4017 0.4715 0.4690 0.5462 0.3990 0.4878 0.4279 0.4166 0.3904 0.4420 0.4412 0.4249 0.4492 0.4421 1.0000
0.4800 1.0000 1.0000 0.5569 0.5569 0.4017 0.4715 0.4690 0.5462 0.3990 0.4878 0.4279 0.4166 0.3904 0.4420 0.4412 0.4249 0.4492 0.4421 1.0000
0.5765 0.5569 0.5569 1.0000 1.0000 0.4840 0.5390 0.5098 0.5423 0.4533 0.5090 0.4826 0.4650 0.4744 0.4977 0.5101 0.5028 0.4684 0.5120 0.5569
0.5765 0.5569 0.5569 1.0000 1.0000 0.4840 0.5390 0.5098 0.5423 0.4533 0.5090 0.4826 0.4650 0.4744 0.4977 0.5101 0.5028 0.4684 0.5120 0.5569
0.5062 0.4017 0.4017 0.4840 0.4840 1.0000 0.4762 0.4443 0.5040 0.5123 0.4686 0.4553 0.5517 0.5542 0.4730 0.4662 0.4642 0.4487 0.5642 0.4017
0.5173 0.4715 0.4715 0.5390 0.5390 0.4762 1.0000 0.4520 0.4925 0.4258 0.4511 0.4336 0.4772 0.4334 0.4821 0.4881 0.4759 0.4061 0.5216 0.4715
0.4792 0.4690 0.4690 0.5098 0.5098 0.4443 0.4520 1.0000 0.5250 0.5008 0.4841 0.5247 0.4421 0.4407 0.4693 0.4649 0.4880 0.4701 0.4834 0.4690
0.5020 0.5462 0.5462 0.5423 0.5423 0.5040 0.4925 0.5250 1.0000 0.4890 0.4976 0.4955 0.4734 0.5017 0.5281 0.5367 0.4477 0.4551 0.4594 0.5462
0.4606 0.3990 0.3990 0.4533 0.4533 0.5123 0.4258 0.5008 0.4890 1.0000 0.4970 0.5120 0.5129 0.5426 0.4922 0.4361 0.4688 0.4598 0.5305 0.3990
0.4358 0.4878 0.4878 0.5090 0.5090 0.4686 0.4511 0.4841 0.4976 0.4970 1.0000 0.4331 0.4801 0.4420 0.4413 0.4042 0.4279 0.5615 0.5121 0.4878
0.4845 0.4279 0.4279 0.4826 0.4826 0.4553 0.4336 0.5247 0.4955 0.5120 0.4331 1.0000 0.4314 0.4807 0.5406 0.4922 0.5574 0.3977 0.4568 0.4279
0.4906 0.4166 0.4166 0.4650 0.4650 0.5517 0.4772 0.4421 0.4734 0.5129 0.4801 0.4314 1.0000 0.4983 0.4763 0.4267 0.4352 0.4672 0.6444 0.4166
0.4611 0.3904 0.3904 0.4744 0.4744 0.5542 0.4334 0.4407 0.5017 0.5426 0.4420 0.4807 0.4983 1.0000 0.4821 0.4800 0.4366 0.4048 0.5062 0.3904
0.5024 0.4420 0.4420 0.4977 0.4977 0.4730 0.4821 0.4693 0.5281 0.4922 0.4413 0.5406 0.4763 0.4821 1.0000 0.5236 0.4987 0.4087 0.4843 0.4420
0.4945 0.4412 0.4412 0.5101 0.5101 0.4662 0.4881 0.4649 0.5367 0.4361 0.4042 0.4922 0.4267 0.4800 0.5236 1.0000 0.4639 0.3649 0.4644 0.4412
0.4981 0.4249 0.4249 0.5028 0.5028 0.4642 0.4759 0.4880 0.4477 0.4688 0.4279 0.5574 0.4352 0.4366 0.4987 0.4639 1.0000 0.4250 0.5058 0.4249
0.4466 0.4492 0.4492 0.4684 0.4684 0.4487 0.4061 0.4701 0.4551 0.4598 0.5615 0.3977 0.4672 0.4048 0.4087 0.3649 0.4250 1.0000 0.5033 0.4492
0.5052 0.4421 0.4421 0.5120 0.5120 0.5642 0.5216 0.4834 0.4594 0.5305 0.5121 0.4568 0.6444 0.5062 0.4843 0.4644 0.5058 0.5033 1.0000 0.4421
0.4800 1.0000 1.0000 0.5569 0.5569 0.4017 0.4715 0.4690 0.5462 0.3990 0.4878 0.4279 0.4166 0.3904 0.4420 0.4412 0.4249 0.4492 0.4421 1.0000
