1:	0.2356 0.0000 0.0547 0.0738 0.1257 0.0000 0.1004 0.0005 0.0628 0.1490 0.0698 0.0006 0.0338 0.0779 0.0156 	55
2:	0.2144 0.0000 0.2005 0.0693 0.0301 0.0000 0.1625 0.0000 0.0144 0.0839 0.0851 0.0000 0.0297 0.0716 0.0385 	45
3:	0.1223 0.0000 0.1513 0.1230 0.0339 0.0003 0.1562 0.0001 0.0146 0.1119 0.1088 0.0002 0.0341 0.0775 0.0656 	60
4:	0.1368 0.0000 0.1550 0.1179 0.0000 0.0000 0.1434 0.0000 0.0006 0.1101 0.1229 0.0000 0.0327 0.1373 0.0434 	59
5:	0.0000 0.2535 0.0002 0.0000 0.0058 0.1544 0.0000 0.2711 0.0019 0.0000 0.0000 0.2252 0.0877 0.0000 0.0003 	30
6:	0.0000 0.2841 0.0001 0.0000 0.0093 0.2099 0.0000 0.1823 0.0033 0.0000 0.0000 0.2164 0.0937 0.0000 0.0009 	27
7:	0.0000 0.2406 0.0001 0.0000 0.0029 0.1283 0.0000 0.3094 0.0009 0.0000 0.0000 0.1821 0.1355 0.0000 0.0002 	30
8:	0.0000 0.1997 0.0002 0.0000 0.0069 0.2391 0.0000 0.2886 0.0008 0.0000 0.0000 0.1937 0.0709 0.0000 0.0002 	28
9:	0.0000 0.2609 0.0003 0.0000 0.0048 0.1945 0.0000 0.2423 0.0017 0.0000 0.0000 0.2322 0.0625 0.0000 0.0007 	30
10:	0.0000 0.2438 0.0003 0.0000 0.0024 0.1501 0.0000 0.2820 0.0049 0.0000 0.0000 0.2260 0.0898 0.0000 0.0006 	28
11:	0.0009 0.2066 0.0002 0.0000 0.0084 0.3730 0.0000 0.2612 0.0036 0.0000 0.0000 0.1187 0.0259 0.0000 0.0013 	30
12:	0.7180 0.0031 0.0001 0.0085 0.1043 0.0000 0.0048 0.0039 0.0895 0.0029 0.0098 0.0000 0.0083 0.0087 0.0379 	30
13:	0.6908 0.0000 0.0013 0.0525 0.0785 0.0033 0.0138 0.0001 0.0496 0.0191 0.0338 0.0004 0.0126 0.0328 0.0115 	30
14:	0.9569 0.0000 0.0000 0.0000 0.0000 0.0000 0.0091 0.0000 0.0000 0.0000 0.0212 0.0000 0.0000 0.0128 0.0000 	2
15:	0.7739 0.0003 0.0010 0.0106 0.0823 0.0000 0.0020 0.0000 0.0847 0.0083 0.0110 0.0003 0.0049 0.0104 0.0104 	30
16:	0.6812 0.0007 0.0340 0.0102 0.0607 0.0000 0.0101 0.0000 0.0827 0.0088 0.0203 0.0011 0.0116 0.0181 0.0606 	30
