1:	0.5731 0.0121 0.0952 0.0529 0.0488 0.2179 	30
2:	0.4769 0.0038 0.0293 0.0956 0.0403 0.3541 	30
3:	0.3468 0.0005 0.0033 0.3679 0.0385 0.2430 	30
4:	0.2042 0.0124 0.0383 0.3671 0.1449 0.2331 	22
5:	0.2081 0.0037 0.0070 0.5172 0.0222 0.2417 	30
6:	0.4135 0.0216 0.1387 0.1099 0.1008 0.2155 	30
7:	0.3459 0.0125 0.0228 0.4547 0.0728 0.0913 	30
8:	0.3024 0.0034 0.0174 0.3714 0.0132 0.2923 	30
9:	0.0128 0.4985 0.4428 0.0121 0.0141 0.0199 	28
10:	0.0161 0.8099 0.0975 0.0421 0.0249 0.0095 	27
11:	0.0041 0.2440 0.7467 0.0022 0.0030 0.0000 	25
12:	0.0000 0.7064 0.2864 0.0057 0.0015 0.0000 	28
13:	0.0000 0.9000 0.0881 0.0011 0.0108 0.0000 	24
14:	0.0033 0.3997 0.5954 0.0000 0.0006 0.0010 	27
15:	0.0006 0.6250 0.3669 0.0008 0.0008 0.0059 	29
16:	0.5854 0.0021 0.0264 0.0513 0.0210 0.3139 	30
17:	0.5269 0.0198 0.0557 0.0754 0.0626 0.2596 	30
18:	0.0911 0.0002 0.0240 0.2013 0.5977 0.0858 	29
19:	0.3963 0.0039 0.0229 0.0690 0.0376 0.4703 	30
