1:	0.0886 0.0994 0.0549 0.1411 0.1838 0.0000 0.1189 0.0000 0.0001 0.1776 0.0344 0.0014 0.0370 0.0000 0.0628 	55
2:	0.1073 0.1267 0.2003 0.1113 0.0442 0.0002 0.1596 0.0000 0.0000 0.1164 0.0347 0.0001 0.0318 0.0000 0.0676 	45
3:	0.0735 0.1361 0.1516 0.0511 0.0451 0.0002 0.1836 0.0000 0.0040 0.1713 0.0752 0.0003 0.0221 0.0006 0.0854 	60
4:	0.0549 0.1416 0.1548 0.0738 0.0000 0.0000 0.1832 0.0000 0.0010 0.1822 0.0842 0.0000 0.0343 0.0000 0.0900 	59
5:	0.0000 0.0000 0.0001 0.0000 0.0021 0.1842 0.0000 0.2580 0.0014 0.0000 0.0197 0.2320 0.1033 0.1991 0.0000 	30
6:	0.0000 0.0000 0.0002 0.0000 0.0031 0.2254 0.0000 0.1863 0.0015 0.0000 0.0129 0.2512 0.1125 0.2068 0.0000 	27
7:	0.0000 0.0000 0.0001 0.0000 0.0015 0.1801 0.0000 0.2602 0.0005 0.0000 0.0164 0.2287 0.0978 0.2147 0.0000 	30
8:	0.0000 0.0000 0.0001 0.0000 0.0025 0.1847 0.0000 0.2440 0.0015 0.0000 0.0390 0.2610 0.0649 0.2024 0.0000 	28
9:	0.0000 0.0000 0.0003 0.0000 0.0031 0.2005 0.0000 0.2211 0.0025 0.0000 0.0157 0.2243 0.1149 0.2174 0.0000 	30
10:	0.0000 0.0000 0.0003 0.0000 0.0043 0.2062 0.0000 0.2590 0.0015 0.0000 0.0151 0.2310 0.0842 0.1983 0.0000 	28
11:	0.0013 0.0000 0.0001 0.0004 0.0035 0.3010 0.0000 0.1990 0.0028 0.0000 0.0538 0.2143 0.0785 0.1453 0.0000 	30
12:	0.4933 0.0033 0.0001 0.1795 0.1552 0.0004 0.0015 0.0030 0.0723 0.0025 0.0070 0.0024 0.0762 0.0019 0.0015 	30
13:	0.4537 0.0251 0.0007 0.2119 0.1191 0.0007 0.0445 0.0003 0.0096 0.0355 0.0124 0.0008 0.0594 0.0020 0.0241 	30
14:	0.9341 0.0009 0.0000 0.0343 0.0000 0.0000 0.0024 0.0000 0.0000 0.0000 0.0005 0.0000 0.0279 0.0000 0.0000 	2
15:	0.5672 0.0049 0.0010 0.2097 0.1651 0.0002 0.0018 0.0005 0.0018 0.0035 0.0066 0.0000 0.0357 0.0000 0.0022 	30
16:	0.2548 0.0127 0.0339 0.4188 0.0851 0.0001 0.0155 0.0014 0.1103 0.0054 0.0016 0.0015 0.0476 0.0006 0.0107 	30
