1:	0.0957 0.0012 0.0550 0.1509 0.1772 0.0005 0.1238 0.0013 0.0166 0.1854 0.1148 0.0308 0.0469 	55
2:	0.1139 0.0000 0.2005 0.1088 0.0433 0.0001 0.1347 0.0004 0.0204 0.1851 0.1361 0.0168 0.0401 	45
3:	0.0719 0.0005 0.1519 0.0595 0.0452 0.0005 0.2095 0.0000 0.0148 0.2331 0.1443 0.0313 0.0375 	60
4:	0.0565 0.0000 0.1551 0.0859 0.0000 0.0000 0.2050 0.0000 0.0105 0.2315 0.1749 0.0445 0.0361 	59
5:	0.0000 0.2770 0.0004 0.0000 0.0035 0.2263 0.0000 0.2819 0.0025 0.0000 0.0000 0.1614 0.0470 	30
6:	0.0000 0.2656 0.0001 0.0000 0.0066 0.2994 0.0000 0.2216 0.0021 0.0000 0.0000 0.1664 0.0382 	27
7:	0.0000 0.2644 0.0000 0.0000 0.0014 0.2246 0.0000 0.3258 0.0009 0.0000 0.0000 0.1446 0.0382 	30
8:	0.0000 0.2678 0.0001 0.0000 0.0033 0.2171 0.0000 0.2929 0.0017 0.0000 0.0000 0.1688 0.0482 	28
9:	0.0000 0.3570 0.0003 0.0000 0.0042 0.2409 0.0000 0.2227 0.0017 0.0000 0.0000 0.1401 0.0331 	30
10:	0.0000 0.3140 0.0003 0.0000 0.0048 0.2360 0.0000 0.2732 0.0018 0.0000 0.0000 0.1381 0.0318 	28
11:	0.0018 0.2282 0.0003 0.0009 0.0053 0.2986 0.0000 0.2542 0.0027 0.0000 0.0000 0.1843 0.0236 	30
12:	0.4766 0.0021 0.0007 0.2495 0.1618 0.0008 0.0037 0.0036 0.0640 0.0013 0.0042 0.0035 0.0281 	30
13:	0.4523 0.0009 0.0011 0.2422 0.1194 0.0022 0.0524 0.0000 0.0096 0.0439 0.0323 0.0064 0.0372 	30
14:	0.9029 0.0000 0.0000 0.0744 0.0000 0.0000 0.0000 0.0000 0.0000 0.0014 0.0000 0.0000 0.0213 	2
15:	0.5682 0.0000 0.0010 0.2160 0.1619 0.0000 0.0044 0.0003 0.0020 0.0031 0.0024 0.0042 0.0366 	30
16:	0.2288 0.0016 0.0345 0.4787 0.0976 0.0007 0.0053 0.0023 0.0969 0.0220 0.0102 0.0047 0.0167 	30
