1:	0.0571 0.0585 0.0548 0.1130 0.1870 0.0000 0.0874 0.0015 0.0001 0.0681 0.0168 0.0001 0.0004 0.0003 0.1248 0.0854 0.0556 0.0892 	55
2:	0.0811 0.0761 0.2000 0.0930 0.0442 0.0000 0.0943 0.0000 0.0000 0.1208 0.0268 0.0002 0.0000 0.0000 0.0739 0.0539 0.0460 0.0897 	45
3:	0.0420 0.1281 0.1513 0.0429 0.0451 0.0000 0.1183 0.0006 0.0038 0.0701 0.0557 0.0001 0.0007 0.0000 0.0950 0.0460 0.1190 0.0812 	60
4:	0.0442 0.0985 0.1544 0.0605 0.0000 0.0000 0.1432 0.0000 0.0014 0.1166 0.0433 0.0000 0.0000 0.0000 0.1016 0.0403 0.1123 0.0838 	59
5:	0.0000 0.0000 0.0001 0.0000 0.0019 0.1291 0.0000 0.1338 0.0014 0.0000 0.1446 0.2306 0.1899 0.1686 0.0000 0.0000 0.0000 0.0000 	30
6:	0.0000 0.0000 0.0002 0.0000 0.0030 0.1771 0.0000 0.2556 0.0009 0.0000 0.1330 0.1286 0.1389 0.1628 0.0000 0.0000 0.0000 0.0000 	27
7:	0.0000 0.0000 0.0000 0.0000 0.0002 0.1907 0.0000 0.1786 0.0006 0.0000 0.1001 0.2618 0.1580 0.1099 0.0000 0.0000 0.0000 0.0000 	30
8:	0.0000 0.0000 0.0000 0.0000 0.0021 0.1880 0.0000 0.1568 0.0008 0.0000 0.0724 0.1747 0.2279 0.1772 0.0000 0.0000 0.0000 0.0000 	28
9:	0.0000 0.0000 0.0001 0.0000 0.0028 0.1642 0.0000 0.2744 0.0007 0.0000 0.0567 0.1099 0.2314 0.1597 0.0000 0.0000 0.0000 0.0000 	30
10:	0.0000 0.0000 0.0002 0.0000 0.0047 0.1828 0.0000 0.2637 0.0010 0.0000 0.1191 0.1317 0.2189 0.0780 0.0000 0.0000 0.0000 0.0000 	28
11:	0.0013 0.0000 0.0001 0.0002 0.0030 0.2841 0.0000 0.1969 0.0018 0.0000 0.0884 0.1093 0.2174 0.0972 0.0000 0.0004 0.0000 0.0000 	30
12:	0.3806 0.0016 0.0001 0.1013 0.1541 0.0000 0.0023 0.0035 0.0717 0.0058 0.0002 0.0028 0.0024 0.0000 0.0005 0.2707 0.0009 0.0016 	30
13:	0.4474 0.0248 0.0007 0.1223 0.1193 0.0018 0.0418 0.0000 0.0092 0.0106 0.0013 0.0000 0.0000 0.0032 0.0326 0.1590 0.0210 0.0049 	30
14:	0.5202 0.0001 0.0000 0.0927 0.0000 0.0000 0.0000 0.0000 0.0000 0.0000 0.0000 0.0000 0.0000 0.0000 0.0000 0.3870 0.0000 0.0000 	2
15:	0.5270 0.0019 0.0002 0.1731 0.1650 0.0000 0.0011 0.0002 0.0018 0.0003 0.0000 0.0009 0.0000 0.0000 0.0031 0.1205 0.0033 0.0015 	30
16:	0.1573 0.0025 0.0339 0.3724 0.0848 0.0006 0.0006 0.0005 0.1103 0.0222 0.0003 0.0030 0.0000 0.0008 0.0015 0.1950 0.0117 0.0026 	30
