1:	0.1653 0.0005 0.0558 0.4030 0.1618 0.0040 0.0663 0.0004 0.0006 0.1006 0.0417 	55
2:	0.1234 0.0000 0.2016 0.3929 0.0399 0.0046 0.0831 0.0002 0.0003 0.1172 0.0367 	45
3:	0.0752 0.0003 0.1532 0.4925 0.0400 0.0036 0.1299 0.0000 0.0038 0.0705 0.0309 	60
4:	0.0964 0.0000 0.1563 0.5115 0.0001 0.0002 0.1370 0.0000 0.0022 0.0617 0.0346 	59
5:	0.0000 0.3573 0.0004 0.0000 0.0071 0.1624 0.0265 0.3017 0.0025 0.0000 0.1422 	30
6:	0.0000 0.3544 0.0002 0.0000 0.0123 0.2082 0.0312 0.2652 0.0020 0.0000 0.1266 	27
7:	0.0000 0.3441 0.0000 0.0000 0.0028 0.1804 0.0211 0.3205 0.0011 0.0000 0.1300 	30
8:	0.0000 0.3688 0.0001 0.0000 0.0059 0.1744 0.0320 0.2891 0.0020 0.0000 0.1278 	28
9:	0.0000 0.4116 0.0002 0.0000 0.0080 0.1719 0.0405 0.2355 0.0017 0.0000 0.1305 	30
10:	0.0000 0.4406 0.0004 0.0000 0.0065 0.1457 0.0297 0.2609 0.0022 0.0000 0.1139 	28
11:	0.0006 0.3781 0.0001 0.0000 0.0058 0.2431 0.0562 0.2295 0.0023 0.0016 0.0828 	30
12:	0.2676 0.0017 0.0003 0.0032 0.1386 0.0011 0.0197 0.0016 0.0724 0.4899 0.0039 	30
13:	0.2689 0.0016 0.0014 0.0964 0.1091 0.0083 0.0339 0.0000 0.0087 0.4664 0.0054 	30
14:	0.1174 0.0000 0.0000 0.0000 0.0000 0.0000 0.0000 0.0000 0.0000 0.8826 0.0000 	2
15:	0.2292 0.0000 0.0010 0.0019 0.1592 0.0067 0.0017 0.0006 0.0016 0.5978 0.0004 	30
16:	0.4878 0.0004 0.0340 0.0304 0.0684 0.0070 0.0122 0.0015 0.1084 0.2422 0.0077 	30
