1:	0.7436 0.0391 0.2173 	30
2:	0.8644 0.0259 0.1097 	30
3:	0.9485 0.0206 0.0309 	30
4:	0.8457 0.0956 0.0587 	22
5:	0.9574 0.0171 0.0255 	30
6:	0.7101 0.0797 0.2102 	30
7:	0.8786 0.0598 0.0616 	30
8:	0.9389 0.0102 0.0509 	30
9:	0.0258 0.4828 0.4914 	28
10:	0.0433 0.7861 0.1705 	27
11:	0.0009 0.2361 0.7631 	25
12:	0.0006 0.6595 0.3399 	28
13:	0.0000 0.8927 0.1073 	24
14:	0.0001 0.3788 0.6211 	27
15:	0.0031 0.5529 0.4440 	29
16:	0.8579 0.0126 0.1295 	30
17:	0.7889 0.0537 0.1574 	30
18:	0.6816 0.2924 0.0260 	29
19:	0.8655 0.0210 0.1135 	30
