1:	0.0305 0.0000 0.0549 0.1576 0.1857 0.0000 0.1067 0.0008 0.0001 0.0000 0.0650 0.0020 0.0008 0.0000 0.0395 0.0000 0.0872 0.0883 0.1226 0.0583 	55
2:	0.0582 0.0000 0.2001 0.0894 0.0439 0.0000 0.0796 0.0000 0.0000 0.0000 0.0820 0.0000 0.0000 0.0000 0.0680 0.0005 0.1371 0.0504 0.0907 0.1000 	45
3:	0.0317 0.0017 0.1513 0.0525 0.0450 0.0000 0.1283 0.0000 0.0038 0.0000 0.0463 0.0000 0.0000 0.0000 0.1161 0.0000 0.0613 0.1566 0.1631 0.0424 	60
4:	0.0134 0.0000 0.1549 0.0853 0.0000 0.0000 0.1468 0.0000 0.0000 0.0000 0.0446 0.0000 0.0000 0.0000 0.1167 0.0000 0.1135 0.1201 0.1298 0.0750 	59
5:	0.0000 0.1599 0.0000 0.0000 0.0006 0.1025 0.0000 0.0550 0.0006 0.0972 0.0000 0.1878 0.1484 0.1096 0.0000 0.1385 0.0000 0.0000 0.0000 0.0000 	30
6:	0.0000 0.0769 0.0000 0.0000 0.0006 0.1464 0.0000 0.0516 0.0007 0.1617 0.0000 0.1685 0.1867 0.0613 0.0000 0.1456 0.0000 0.0000 0.0000 0.0000 	27
7:	0.0000 0.0701 0.0000 0.0000 0.0000 0.1446 0.0000 0.0972 0.0002 0.1690 0.0000 0.2076 0.0739 0.1042 0.0000 0.1330 0.0000 0.0000 0.0000 0.0000 	30
8:	0.0000 0.1389 0.0000 0.0000 0.0012 0.0793 0.0000 0.1120 0.0000 0.1207 0.0000 0.1496 0.1086 0.1176 0.0000 0.1722 0.0000 0.0000 0.0000 0.0000 	28
9:	0.0000 0.1292 0.0000 0.0000 0.0006 0.1669 0.0000 0.2860 0.0010 0.0960 0.0000 0.0588 0.0950 0.0765 0.0000 0.0899 0.0000 0.0000 0.0000 0.0000 	30
10:	0.0000 0.2314 0.0000 0.0000 0.0007 0.1073 0.0000 0.2156 0.0015 0.1108 0.0000 0.1127 0.0687 0.0907 0.0000 0.0607 0.0000 0.0000 0.0000 0.0000 	28
11:	0.0016 0.1883 0.0003 0.0000 0.0033 0.1351 0.0000 0.1328 0.0014 0.1445 0.0000 0.0841 0.0893 0.0946 0.0000 0.1249 0.0000 0.0000 0.0000 0.0000 	30
12:	0.3292 0.0026 0.0000 0.1891 0.1537 0.0022 0.0000 0.0000 0.0716 0.0042 0.2421 0.0000 0.0000 0.0000 0.0019 0.0000 0.0000 0.0009 0.0026 0.0000 	30
13:	0.1583 0.0000 0.0009 0.1800 0.1184 0.0000 0.0127 0.0000 0.0089 0.0042 0.3882 0.0010 0.0009 0.0000 0.0482 0.0000 0.0051 0.0372 0.0279 0.0081 	30
14:	0.3841 0.0000 0.0000 0.0000 0.0000 0.0000 0.0000 0.0000 0.0000 0.0000 0.6159 0.0000 0.0000 0.0000 0.0000 0.0000 0.0000 0.0000 0.0000 0.0000 	2
15:	0.2895 0.0000 0.0004 0.1554 0.1655 0.0001 0.0002 0.0000 0.0016 0.0000 0.3759 0.0000 0.0000 0.0000 0.0014 0.0000 0.0007 0.0031 0.0016 0.0048 	30
16:	0.0773 0.0000 0.0338 0.4644 0.0837 0.0000 0.0064 0.0000 0.1103 0.0000 0.1825 0.0030 0.0000 0.0000 0.0208 0.0030 0.0035 0.0091 0.0014 0.0008 	30
