1:	0.1976 0.0092 0.0030 0.0376 0.0408 0.0012 0.1995 0.3532 0.1580 	30
2:	0.3141 0.0004 0.0003 0.0771 0.0344 0.0036 0.3226 0.1361 0.1116 	30
3:	0.3741 0.0000 0.0014 0.3103 0.0324 0.0004 0.2137 0.0087 0.0589 	30
4:	0.2048 0.0053 0.0054 0.2800 0.1244 0.0068 0.2053 0.1175 0.0505 	22
5:	0.2526 0.0000 0.0021 0.4438 0.0190 0.0049 0.2190 0.0317 0.0269 	30
6:	0.1188 0.0042 0.0123 0.0707 0.0844 0.0094 0.2049 0.4718 0.0234 	30
7:	0.2838 0.0028 0.0075 0.3825 0.0607 0.0051 0.0795 0.1345 0.0435 	30
8:	0.2943 0.0005 0.0001 0.2909 0.0070 0.0040 0.2700 0.0550 0.0782 	30
9:	0.0073 0.0173 0.4339 0.0074 0.0078 0.5025 0.0183 0.0000 0.0057 	28
10:	0.0013 0.0178 0.0829 0.0211 0.0068 0.8509 0.0081 0.0079 0.0032 	27
11:	0.0006 0.0824 0.7289 0.0015 0.0015 0.1722 0.0000 0.0067 0.0062 	25
12:	0.0002 0.7234 0.2471 0.0058 0.0021 0.0183 0.0000 0.0026 0.0005 	28
13:	0.0000 0.7798 0.0786 0.0005 0.0115 0.1229 0.0001 0.0050 0.0016 	24
14:	0.0017 0.1066 0.5858 0.0000 0.0004 0.3004 0.0006 0.0009 0.0035 	27
15:	0.0000 0.6726 0.3001 0.0005 0.0009 0.0153 0.0059 0.0040 0.0005 	29
16:	0.3285 0.0010 0.0083 0.0358 0.0181 0.0010 0.2389 0.0320 0.3364 	30
17:	0.2483 0.0041 0.0114 0.0585 0.0542 0.0164 0.1975 0.1173 0.2922 	30
18:	0.0921 0.0000 0.0054 0.1641 0.5569 0.0007 0.0519 0.0043 0.1247 	29
19:	0.2419 0.0024 0.0049 0.0500 0.0336 0.0021 0.3667 0.0305 0.2678 	30
