1:	0.7211 0.0120 0.1352 0.0813 0.0504 	30
2:	0.7726 0.0051 0.0441 0.1394 0.0387 	30
3:	0.5300 0.0011 0.0050 0.4252 0.0387 	30
4:	0.3906 0.0112 0.0459 0.4093 0.1431 	22
5:	0.3953 0.0034 0.0106 0.5683 0.0225 	30
6:	0.5416 0.0205 0.1718 0.1627 0.1034 	30
7:	0.3333 0.0123 0.0425 0.5360 0.0759 	30
8:	0.5364 0.0042 0.0239 0.4201 0.0154 	30
9:	0.0217 0.4767 0.4489 0.0364 0.0162 	28
10:	0.0147 0.7762 0.0988 0.0847 0.0256 	27
11:	0.0001 0.2336 0.7483 0.0103 0.0078 	25
12:	0.0001 0.6751 0.2856 0.0062 0.0329 	28
13:	0.0000 0.8587 0.0877 0.0066 0.0471 	24
14:	0.0017 0.3805 0.5968 0.0152 0.0059 	27
15:	0.0052 0.6009 0.3653 0.0016 0.0270 	29
16:	0.8606 0.0018 0.0452 0.0718 0.0206 	30
17:	0.7192 0.0198 0.0823 0.1130 0.0656 	30
18:	0.1686 0.0010 0.0255 0.2153 0.5897 	29
19:	0.8324 0.0041 0.0364 0.0893 0.0378 	30
