1:	0.3224 0.0063 0.0109 0.0441 0.0428 0.0013 0.2109 0.0049 0.3564 	30
2:	0.3902 0.0009 0.0025 0.0867 0.0345 0.0019 0.3355 0.0019 0.1459 	30
3:	0.3921 0.0000 0.0017 0.3399 0.0340 0.0002 0.2177 0.0010 0.0132 	30
4:	0.1679 0.0032 0.0065 0.3236 0.1258 0.0055 0.2114 0.0056 0.1504 	22
5:	0.2203 0.0000 0.0036 0.4887 0.0194 0.0048 0.2283 0.0000 0.0349 	30
6:	0.1322 0.0038 0.0209 0.0849 0.0837 0.0085 0.2095 0.0032 0.4534 	30
7:	0.2646 0.0021 0.0081 0.4250 0.0626 0.0054 0.0851 0.0035 0.1437 	30
8:	0.3045 0.0004 0.0011 0.3368 0.0108 0.0030 0.2726 0.0023 0.0685 	30
9:	0.0074 0.0067 0.4367 0.0063 0.0095 0.4998 0.0181 0.0145 0.0008 	28
10:	0.0006 0.0046 0.0843 0.0214 0.0072 0.8437 0.0080 0.0212 0.0090 	27
11:	0.0025 0.0481 0.7247 0.0010 0.0017 0.1705 0.0000 0.0440 0.0076 	25
12:	0.0000 0.7598 0.2266 0.0001 0.0000 0.0026 0.0000 0.0097 0.0013 	28
13:	0.0000 0.1850 0.0756 0.0000 0.0125 0.1563 0.0000 0.5680 0.0026 	24
14:	0.0018 0.0421 0.5843 0.0000 0.0000 0.3034 0.0001 0.0677 0.0006 	27
15:	0.0000 0.0079 0.2495 0.0004 0.0006 0.0138 0.0038 0.7214 0.0027 	29
16:	0.5676 0.0008 0.0181 0.0458 0.0181 0.0023 0.2864 0.0003 0.0605 	30
17:	0.4433 0.0067 0.0241 0.0675 0.0543 0.0144 0.2380 0.0030 0.1487 	30
18:	0.1084 0.0007 0.0184 0.1896 0.5762 0.0006 0.0706 0.0008 0.0346 	29
19:	0.4049 0.0029 0.0117 0.0584 0.0335 0.0026 0.4275 0.0003 0.0585 	30
