1:	0.1760 0.0010 0.0556 0.2771 0.1874 0.0010 0.0843 0.0000 0.0007 0.2167 0.0001 0.0003 	55
2:	0.1427 0.0000 0.2016 0.2714 0.0441 0.0002 0.0925 0.0000 0.0001 0.2472 0.0002 0.0000 	45
3:	0.0836 0.0008 0.1526 0.3761 0.0455 0.0002 0.0559 0.0000 0.0041 0.2808 0.0003 0.0001 	60
4:	0.1035 0.0000 0.1557 0.4002 0.0000 0.0000 0.0497 0.0000 0.0023 0.2885 0.0001 0.0000 	59
5:	0.0000 0.2229 0.0000 0.0000 0.0018 0.1760 0.0366 0.1776 0.0015 0.0000 0.1295 0.2540 	30
6:	0.0000 0.2287 0.0001 0.0000 0.0041 0.2327 0.0351 0.2392 0.0016 0.0000 0.1306 0.1278 	27
7:	0.0000 0.1928 0.0000 0.0000 0.0013 0.1260 0.0496 0.2224 0.0005 0.0000 0.1750 0.2324 	30
8:	0.0000 0.2018 0.0000 0.0000 0.0021 0.1378 0.0512 0.1527 0.0012 0.0000 0.2004 0.2528 	28
9:	0.0000 0.2726 0.0003 0.0000 0.0023 0.1338 0.0427 0.1972 0.0010 0.0000 0.1350 0.2151 	30
10:	0.0000 0.3040 0.0004 0.0000 0.0036 0.1016 0.0293 0.1960 0.0017 0.0000 0.1396 0.2238 	28
11:	0.0004 0.2162 0.0001 0.0000 0.0025 0.1675 0.0740 0.0995 0.0023 0.0000 0.2670 0.1705 	30
12:	0.3489 0.0034 0.0005 0.0015 0.1556 0.0011 0.4061 0.0013 0.0729 0.0070 0.0000 0.0017 	30
13:	0.3584 0.0003 0.0016 0.0979 0.1209 0.0003 0.3739 0.0004 0.0096 0.0343 0.0021 0.0001 	30
14:	0.3933 0.0000 0.0000 0.0000 0.0000 0.0000 0.6067 0.0000 0.0000 0.0000 0.0000 0.0000 	2
15:	0.3830 0.0002 0.0011 0.0043 0.1652 0.0000 0.4403 0.0003 0.0018 0.0032 0.0006 0.0000 	30
16:	0.5398 0.0006 0.0340 0.0345 0.0848 0.0003 0.1871 0.0008 0.1103 0.0055 0.0000 0.0023 	30
