1:	0.5665 0.0038 0.0890 0.0436 0.0378 0.0006 0.2071 0.0045 0.0074 0.0396 	30
2:	0.4607 0.0006 0.0274 0.0988 0.0018 0.0014 0.3306 0.0022 0.0012 0.0753 	30
3:	0.3217 0.0000 0.0038 0.3761 0.0153 0.0003 0.2344 0.0004 0.0000 0.0481 	30
4:	0.1535 0.0019 0.0283 0.3675 0.0160 0.0011 0.1661 0.0046 0.0018 0.2593 	22
5:	0.1968 0.0000 0.0085 0.5281 0.0052 0.0000 0.2255 0.0010 0.0001 0.0348 	30
6:	0.3635 0.0017 0.1232 0.1112 0.0123 0.0010 0.1920 0.0092 0.0110 0.1748 	30
7:	0.2971 0.0006 0.0183 0.4610 0.0110 0.0016 0.0693 0.0056 0.0030 0.1326 	30
8:	0.2933 0.0011 0.0129 0.3739 0.0149 0.0032 0.2846 0.0054 0.0008 0.0100 	30
9:	0.0061 0.0040 0.4369 0.0038 0.0140 0.4895 0.0175 0.0076 0.0206 0.0000 	28
10:	0.0020 0.0033 0.0805 0.0144 0.0119 0.8406 0.0081 0.0173 0.0207 0.0012 	27
11:	0.0026 0.0203 0.7241 0.0000 0.0038 0.1406 0.0000 0.0101 0.0985 0.0000 	25
12:	0.0000 0.7471 0.2170 0.0000 0.0000 0.0031 0.0000 0.0186 0.0142 0.0000 	28
13:	0.0000 0.0125 0.0774 0.0000 0.0029 0.0144 0.0000 0.0197 0.8732 0.0000 	24
14:	0.0019 0.0157 0.5784 0.0000 0.0004 0.2515 0.0004 0.0156 0.1362 0.0000 	27
15:	0.0000 0.0075 0.2012 0.0000 0.0014 0.0127 0.0033 0.7173 0.0567 0.0000 	29
16:	0.5812 0.0011 0.0258 0.0467 0.0038 0.0022 0.3019 0.0007 0.0005 0.0362 	30
17:	0.5078 0.0050 0.0506 0.0593 0.0268 0.0045 0.2500 0.0036 0.0028 0.0896 	30
18:	0.0594 0.0000 0.0162 0.1780 0.5216 0.0002 0.0703 0.0000 0.0005 0.1537 	29
19:	0.3862 0.0019 0.0229 0.0642 0.0162 0.0019 0.4604 0.0011 0.0000 0.0451 	30
