1:	0.0698 0.0019 0.0008 0.1617 0.0269 0.0000 0.1418 0.0004 0.3351 0.0273 0.0047 0.0952 0.0018 0.0047 0.0145 0.0235 0.0304 0.0232 0.0361 	30
2:	0.0321 0.0000 0.0000 0.2269 0.0014 0.0002 0.1896 0.0000 0.0830 0.0612 0.0000 0.1775 0.0012 0.0035 0.0107 0.0677 0.0925 0.0286 0.0237 	30
3:	0.0141 0.0000 0.0002 0.3042 0.0117 0.0000 0.1060 0.0001 0.0014 0.0362 0.0000 0.0637 0.0000 0.0030 0.0439 0.2756 0.0272 0.0413 0.0715 	30
4:	0.0168 0.0002 0.0012 0.0254 0.0120 0.0000 0.0851 0.0012 0.0121 0.2191 0.0002 0.0645 0.0010 0.0250 0.1468 0.1369 0.1789 0.0296 0.0440 	22
5:	0.0172 0.0000 0.0009 0.0461 0.0005 0.0003 0.1170 0.0000 0.0042 0.0331 0.0000 0.0552 0.0002 0.0022 0.0712 0.3064 0.2084 0.0502 0.0868 	30
6:	0.0099 0.0003 0.0034 0.0426 0.0122 0.0003 0.1309 0.0005 0.3288 0.1314 0.0039 0.0822 0.0103 0.0123 0.0510 0.0356 0.1081 0.0186 0.0177 	30
7:	0.0274 0.0000 0.0019 0.0402 0.0034 0.0000 0.0379 0.0001 0.0378 0.1006 0.0000 0.0190 0.0025 0.0112 0.0921 0.1687 0.3331 0.0262 0.0977 	30
8:	0.0188 0.0000 0.0003 0.2143 0.0018 0.0005 0.1661 0.0000 0.0070 0.0018 0.0001 0.0613 0.0003 0.0224 0.1133 0.1829 0.0572 0.0418 0.1102 	30
9:	0.0007 0.0032 0.4428 0.0005 0.0044 0.3654 0.0053 0.0048 0.0003 0.0000 0.0138 0.0053 0.0069 0.0801 0.0003 0.0020 0.0000 0.0553 0.0088 	28
10:	0.0021 0.0005 0.0577 0.0000 0.0027 0.4812 0.0044 0.0089 0.0012 0.0012 0.0155 0.0031 0.0112 0.3608 0.0016 0.0009 0.0004 0.0364 0.0102 	27
11:	0.0008 0.0159 0.2218 0.0011 0.0006 0.0752 0.0000 0.0045 0.0012 0.0000 0.0647 0.0016 0.5053 0.0549 0.0001 0.0000 0.0002 0.0494 0.0027 	25
12:	0.0000 0.7087 0.0007 0.0000 0.0000 0.0004 0.0000 0.0083 0.0000 0.0000 0.0100 0.0000 0.2555 0.0119 0.0000 0.0001 0.0000 0.0039 0.0004 	28
13:	0.0000 0.0100 0.0320 0.0000 0.0003 0.0111 0.0000 0.0212 0.0009 0.0000 0.8534 0.0000 0.0510 0.0122 0.0000 0.0000 0.0000 0.0074 0.0005 	24
14:	0.0007 0.0155 0.4519 0.0000 0.0001 0.1797 0.0000 0.0169 0.0006 0.0000 0.0906 0.0003 0.1249 0.0456 0.0010 0.0000 0.0000 0.0706 0.0015 	27
15:	0.0000 0.0058 0.0099 0.0000 0.0002 0.0080 0.0032 0.6731 0.0005 0.0000 0.0309 0.0002 0.2601 0.0007 0.0000 0.0001 0.0000 0.0056 0.0017 	29
16:	0.3470 0.0005 0.0030 0.2074 0.0000 0.0000 0.1812 0.0001 0.0122 0.0335 0.0001 0.0829 0.0036 0.0039 0.0155 0.0305 0.0322 0.0326 0.0139 	30
17:	0.2093 0.0012 0.0035 0.1739 0.0059 0.0006 0.1476 0.0002 0.0776 0.0816 0.0021 0.0633 0.0084 0.0134 0.0180 0.0156 0.0537 0.0714 0.0524 	30
18:	0.0575 0.0000 0.0020 0.0293 0.4966 0.0000 0.0233 0.0000 0.0000 0.1141 0.0000 0.0381 0.0001 0.0002 0.0014 0.0249 0.0191 0.0901 0.1034 	29
19:	0.2422 0.0006 0.0018 0.1492 0.0138 0.0000 0.2910 0.0001 0.0100 0.0349 0.0001 0.0912 0.0016 0.0072 0.0314 0.0360 0.0290 0.0432 0.0166 	30
