1:	0.1921 0.0009 0.0529 0.3845 0.1792 0.0009 0.1036 0.0115 0.0028 0.0716 	55
2:	0.1536 0.0004 0.1888 0.4096 0.0427 0.0000 0.1051 0.0122 0.0007 0.0869 	45
3:	0.0837 0.0004 0.1460 0.5209 0.0452 0.0003 0.1272 0.0103 0.0043 0.0616 	60
4:	0.1074 0.0000 0.1485 0.5362 0.0003 0.0001 0.1408 0.0132 0.0019 0.0515 	59
5:	0.0000 0.3271 0.0006 0.0000 0.0045 0.3141 0.0348 0.2853 0.0336 0.0000 	30
6:	0.0000 0.3353 0.0003 0.0000 0.0079 0.3573 0.0335 0.2435 0.0222 0.0000 	27
7:	0.0000 0.3989 0.0003 0.0000 0.0021 0.2579 0.0292 0.2735 0.0382 0.0000 	30
8:	0.0000 0.3638 0.0002 0.0000 0.0048 0.2976 0.0109 0.3029 0.0199 0.0000 	28
9:	0.0000 0.4125 0.0004 0.0000 0.0055 0.2928 0.0335 0.2353 0.0200 0.0000 	30
10:	0.0000 0.4915 0.0004 0.0000 0.0059 0.2348 0.0296 0.2187 0.0189 0.0000 	28
11:	0.0005 0.3222 0.0003 0.0000 0.0060 0.4222 0.0277 0.2064 0.0123 0.0023 	30
12:	0.2724 0.0042 0.0008 0.0021 0.1622 0.0000 0.0052 0.0018 0.0649 0.4863 	30
13:	0.3167 0.0007 0.0016 0.1012 0.1184 0.0040 0.0274 0.0029 0.0097 0.4173 	30
14:	0.2046 0.0000 0.0000 0.0000 0.0000 0.0000 0.0000 0.0000 0.0000 0.7954 	2
15:	0.2908 0.0009 0.0008 0.0014 0.1623 0.0008 0.0026 0.0010 0.0025 0.5369 	30
16:	0.5707 0.0009 0.0316 0.0322 0.0934 0.0007 0.0137 0.0037 0.0966 0.1565 	30
