1.0000 0.3921 0.3811 0.3811 0.3811 0.4009 0.4328 0.3411 0.4186 0.3704 0.4652 0.4360 0.4006 0.4035 0.3918 0.3839 0.3838 0.3985 0.3674 0.3921
0.3921 1.0000 0.4528 0.4528 0.4528 0.4523 0.4296 0.4284 0.4598 0.4354 0.3723 0.4663 0.4335 0.4451 0.4511 0.4304 0.4259 0.3975 0.5576 1.0000
0.3811 0.4528 1.0000 1.0000 1.0000 0.4064 0.4305 0.4137 0.4502 0.3992 0.3804 0.4518 0.4443 0.4541 0.4440 0.3902 0.4425 0.4067 0.4524 0.4528
0.3811 0.4528 1.0000 1.0000 1.0000 0.4064 0.4305 0.4137 0.4502 0.3992 0.3804 0.4518 0.4443 0.4541 0.4440 0.3902 0.4425 0.4067 0.4524 0.4528
0.3811 0.4528 1.0000 1.0000 1.0000 0.4064 0.4305 0.4137 0.4502 0.3992 0.3804 0.4518 0.4443 0.4541 0.4440 0.3902 0.4425 0.4067 0.4524 0.4528
0.4009 0.4523 0.4064 0.4064 0.4064 1.0000 0.4626 0.4342 0.4898 0.4199 0.3933 0.4671 0.4666 0.4667 0.4306 0.5024 0.4456 0.4220 0.4503 0.4523
0.4328 0.4296 0.4305 0.4305 0.4305 0.4626 1.0000 0.3772 0.4806 0.4238 0.4254 0.4425 0.4484 0.4520 0.4103 0.4225 0.4401 0.4147 0.4128 0.4296
0.3411 0.4284 0.4137 0.4137 0.4137 0.4342 0.3772 1.0000 0.4308 0.3782 0.3366 0.4025 0.3951 0.4379 0.4360 0.3851 0.3915 0.3569 0.4284 0.4284
0.4186 0.4598 0.4502 0.4502 0.4502 0.4898 0.4806 0.4308 1.0000 0.4300 0.3808 0.5186 0.4664 0.4787 0.4725 0.4817 0.4612 0.4161 0.4290 0.4598
0.3704 0.4354 0.3992 0.3992 0.3992 0.4199 0.4238 0.3782 0.4300 1.0000 0.3728 0.4225 0.4342 0.4206 0.3793 0.4292 0.3847 0.4238 0.4226 0.4354
0.4652 0.3723 0.3804 0.3804 0.3804 0.3933 0.4254 0.3366 0.3808 0.3728 1.0000 0.3886 0.3998 0.4018 0.3492 0.3651 0.3536 0.3615 0.3801 0.3723
0.4360 0.4663 0.4518 0.4518 0.4518 0.4671 0.4425 0.4025 0.5186 0.4225 0.3886 1.0000 0.4540 0.4872 0.4699 0.4546 0.4908 0.4356 0.4406 0.4663
0.4006 0.4335 0.4443 0.4443 0.4443 0.4666 0.4484 0.3951 0.4664 0.4342 0.3998 0.4540 1.0000 0.4422 0.4263 0.4235 0.4195 0.4330 0.4227 0.4335
0.4035 0.4451 0.4541 0.4541 0.4541 0.4667 0.4520 0.4379 0.4787 0.4206 0.4018 0.4872 0.4422 1.0000 0.4734 0.4377 0.4644 0.4220 0.4574 0.4451
0.3918 0.4511 0.4440 0.4440 0.4440 0.4306 0.4103 0.4360 0.4725 0.3793 0.3492 0.4699 0.4263 0.4734 1.0000 0.4067 0.4295 0.3813 0.4333 0.4511
0.3839 0.4304 0.3902 0.3902 0.3902 0.5024 0.4225 0.3851 0.4817 0.4292 0.3651 0.4546 0.4235 0.4377 0.4067 1.0000 0.4210 0.4586 0.4426 0.4304
0.3838 0.4259 0.4425 0.4425 0.4425 0.4456 0.4401 0.3915 0.4612 0.3847 0.3536 0.4908 0.4195 0.4644 0.4295 0.4210 1.0000 0.4180 0.4211 0.4259
0.3985 0.3975 0.4067 0.4067 0.4067 0.4220 0.4147 0.3569 0.4161 0.4238 0.3615 0.4356 0.4330 0.4220 0.3813 0.4586 0.4180 1.0000 0.4085 0.3975
0.3674 0.5576 0.4524 0.4524 0.4524 0.4503 0.4128 0.4284 0.4290 0.4226 0.3801 0.4406 0.4227 0.4574 0.4333 0.4426 0.4211 0.4085 1.0000 0.5576
0.3921 1.0000 0.4528 0.4528 0.4528 0.4523 0.4296 0.4284 0.4598 0.4354 0.3723 0.4663 0.4335 0.4451 0.4511 0.4304 0.4259 0.3975 0.5576 1.0000
