1:	0.2081 0.0024 0.0025 0.0573 0.0292 0.0001 0.1643 0.0004 0.3754 0.0289 0.0048 0.0384 0.0052 0.0044 0.0223 0.0258 0.0305 	30
2:	0.2334 0.0000 0.0003 0.0981 0.0016 0.0002 0.2408 0.0004 0.1300 0.0652 0.0001 0.0738 0.0010 0.0047 0.0103 0.1015 0.0385 	30
3:	0.2066 0.0000 0.0019 0.3015 0.0135 0.0001 0.1543 0.0002 0.0062 0.0387 0.0000 0.0392 0.0000 0.0006 0.0379 0.1441 0.0553 	30
4:	0.0429 0.0005 0.0019 0.0920 0.0126 0.0000 0.1171 0.0016 0.0270 0.2317 0.0003 0.0406 0.0024 0.0024 0.1672 0.2033 0.0566 	22
5:	0.0573 0.0000 0.0020 0.2093 0.0010 0.0005 0.1716 0.0001 0.0215 0.0334 0.0000 0.0275 0.0007 0.0008 0.0388 0.3400 0.0954 	30
6:	0.0259 0.0003 0.0027 0.0345 0.0128 0.0011 0.1694 0.0004 0.4035 0.1369 0.0052 0.0232 0.0092 0.0055 0.0579 0.0918 0.0195 	30
7:	0.0724 0.0001 0.0032 0.0954 0.0046 0.0002 0.0678 0.0004 0.0692 0.1077 0.0001 0.0061 0.0042 0.0062 0.0726 0.3718 0.1180 	30
8:	0.1569 0.0000 0.0008 0.2320 0.0051 0.0005 0.2190 0.0001 0.0189 0.0023 0.0001 0.0376 0.0011 0.0044 0.1361 0.1174 0.0676 	30
9:	0.0002 0.0035 0.4398 0.0160 0.0059 0.3828 0.0057 0.0067 0.0000 0.0000 0.0139 0.0064 0.0109 0.0988 0.0005 0.0006 0.0084 	28
10:	0.0000 0.0003 0.0522 0.0372 0.0028 0.4667 0.0039 0.0108 0.0024 0.0011 0.0172 0.0046 0.0173 0.3692 0.0011 0.0013 0.0118 	27
11:	0.0003 0.0188 0.1189 0.0077 0.0006 0.0977 0.0000 0.0054 0.0001 0.0000 0.0728 0.0040 0.6150 0.0554 0.0004 0.0004 0.0025 	25
12:	0.0000 0.7112 0.0009 0.0003 0.0000 0.0004 0.0000 0.0089 0.0000 0.0000 0.0108 0.0441 0.1815 0.0417 0.0000 0.0001 0.0002 	28
13:	0.0001 0.0109 0.0242 0.0009 0.0001 0.0139 0.0000 0.0242 0.0002 0.0000 0.8488 0.0056 0.0559 0.0148 0.0002 0.0000 0.0003 	24
14:	0.0000 0.0172 0.4168 0.0098 0.0001 0.2249 0.0000 0.0181 0.0000 0.0000 0.0980 0.0050 0.1585 0.0491 0.0009 0.0001 0.0015 	27
15:	0.0000 0.0058 0.0076 0.0011 0.0002 0.0116 0.0024 0.6556 0.0004 0.0000 0.0272 0.1236 0.1266 0.0361 0.0005 0.0000 0.0012 	29
16:	0.4851 0.0002 0.0044 0.0716 0.0005 0.0000 0.1848 0.0002 0.0215 0.0341 0.0003 0.0975 0.0059 0.0037 0.0200 0.0370 0.0331 	30
17:	0.3422 0.0016 0.0037 0.0479 0.0080 0.0014 0.1626 0.0003 0.0909 0.0850 0.0020 0.0736 0.0137 0.0194 0.0205 0.0565 0.0704 	30
18:	0.0431 0.0000 0.0025 0.0211 0.5009 0.0000 0.0308 0.0000 0.0000 0.1209 0.0000 0.0505 0.0000 0.0004 0.0063 0.0378 0.1854 	29
19:	0.3335 0.0006 0.0031 0.0661 0.0145 0.0001 0.2989 0.0003 0.0143 0.0356 0.0003 0.1095 0.0023 0.0023 0.0390 0.0348 0.0448 	30
