1:	0.6013 0.0152 0.0981 0.0590 0.0482 0.0022 0.1760 	30
2:	0.5323 0.0020 0.0325 0.1065 0.0395 0.0042 0.2830 	30
3:	0.3764 0.0002 0.0041 0.3860 0.0380 0.0013 0.1939 	30
4:	0.2361 0.0072 0.0368 0.3804 0.1427 0.0104 0.1864 	22
5:	0.2362 0.0002 0.0084 0.5368 0.0214 0.0052 0.1918 	30
6:	0.4371 0.0183 0.1378 0.1219 0.0995 0.0113 0.1740 	30
7:	0.3348 0.0101 0.0223 0.4782 0.0718 0.0090 0.0738 	30
8:	0.3424 0.0029 0.0171 0.3866 0.0137 0.0042 0.2331 	30
9:	0.0101 0.0163 0.4383 0.0054 0.0099 0.5037 0.0163 	28
10:	0.0047 0.0182 0.0857 0.0208 0.0068 0.8563 0.0076 	27
11:	0.0015 0.0751 0.7345 0.0014 0.0016 0.1743 0.0115 	25
12:	0.0000 0.5816 0.2458 0.0047 0.0012 0.0161 0.1506 	28
13:	0.0000 0.7195 0.0797 0.0007 0.0116 0.1293 0.0592 	24
14:	0.0014 0.0977 0.5852 0.0000 0.0000 0.3038 0.0118 	27
15:	0.0013 0.6868 0.2880 0.0007 0.0008 0.0159 0.0065 	29
16:	0.6377 0.0009 0.0308 0.0564 0.0203 0.0030 0.2510 	30
17:	0.5625 0.0053 0.0603 0.0834 0.0619 0.0182 0.2084 	30
18:	0.1043 0.0005 0.0249 0.2025 0.5980 0.0011 0.0687 	29
19:	0.4811 0.0014 0.0264 0.0744 0.0370 0.0036 0.3761 	30
