1.0000 0.7071 0.5866 0.6117 0.7071 0.6360 0.6524 0.6211 0.5866 0.6145 0.7333 0.4902 0.6113 0.6689 0.5079 0.6778 0.5358 0.6007 0.6243 0.7342
0.7071 1.0000 0.6872 0.6907 1.0000 0.6848 0.6414 0.7298 0.6872 0.7159 0.6955 0.5532 0.7102 0.7816 0.5676 0.8159 0.6061 0.7157 0.6927 0.7336
0.5866 0.6872 1.0000 0.5633 0.6872 0.5885 0.5638 0.5872 1.0000 0.6005 0.6040 0.4746 0.6032 0.6582 0.6016 0.6768 0.5197 0.6012 0.5898 0.6052
0.6117 0.6907 0.5633 1.0000 0.6907 0.5786 0.5764 0.6770 0.5633 0.6347 0.5866 0.6256 0.6390 0.6128 0.5360 0.6587 0.6122 0.6479 0.7548 0.6262
0.7071 1.0000 0.6872 0.6907 1.0000 0.6848 0.6414 0.7298 0.6872 0.7159 0.6955 0.5532 0.7102 0.7816 0.5676 0.8159 0.6061 0.7157 0.6927 0.7336
0.6360 0.6848 0.5885 0.5786 0.6848 1.0000 0.7484 0.6061 0.5885 0.6000 0.6801 0.5087 0.6126 0.6773 0.5267 0.6772 0.5561 0.6190 0.6256 0.6832
0.6524 0.6414 0.5638 0.5764 0.6414 0.7484 1.0000 0.5591 0.5638 0.5674 0.7018 0.4932 0.5824 0.6356 0.5110 0.6548 0.5391 0.5818 0.6376 0.6556
0.6211 0.7298 0.5872 0.6770 0.7298 0.6061 0.5591 1.0000 0.5872 0.7123 0.5999 0.5544 0.7078 0.6739 0.4838 0.6742 0.5961 0.7677 0.6918 0.6416
0.5866 0.6872 1.0000 0.5633 0.6872 0.5885 0.5638 0.5872 1.0000 0.6005 0.6040 0.4746 0.6032 0.6582 0.6016 0.6768 0.5197 0.6012 0.5898 0.6052
0.6145 0.7159 0.6005 0.6347 0.7159 0.6000 0.5674 0.7123 0.6005 1.0000 0.6126 0.5381 0.8415 0.6912 0.4846 0.6871 0.5653 0.7116 0.6633 0.6339
0.7333 0.6955 0.6040 0.5866 0.6955 0.6801 0.7018 0.5999 0.6040 0.6126 1.0000 0.4991 0.6254 0.6901 0.5169 0.7096 0.5456 0.6252 0.6323 0.6644
0.4902 0.5532 0.4746 0.6256 0.5532 0.5087 0.4932 0.5544 0.4746 0.5381 0.4991 1.0000 0.5847 0.4909 0.5942 0.5443 0.7537 0.6109 0.6470 0.5142
0.6113 0.7102 0.6032 0.6390 0.7102 0.6126 0.5824 0.7078 0.6032 0.8415 0.6254 0.5847 1.0000 0.6746 0.5226 0.6864 0.6102 0.7403 0.7029 0.6316
0.6689 0.7816 0.6582 0.6128 0.7816 0.6773 0.6356 0.6739 0.6582 0.6912 0.6901 0.4909 0.6746 1.0000 0.5169 0.8020 0.5363 0.6712 0.6384 0.6812
0.5079 0.5676 0.6016 0.5360 0.5676 0.5267 0.5110 0.4838 0.6016 0.4846 0.5169 0.5942 0.5226 0.5169 1.0000 0.5563 0.6530 0.5340 0.5617 0.5326
0.6778 0.8159 0.6768 0.6587 0.8159 0.6772 0.6548 0.6742 0.6768 0.6871 0.7096 0.5443 0.6864 0.8020 0.5563 1.0000 0.5961 0.7052 0.6759 0.6918
0.5358 0.6061 0.5197 0.6122 0.6061 0.5561 0.5391 0.5961 0.5197 0.5653 0.5456 0.7537 0.6102 0.5363 0.6530 0.5961 1.0000 0.6657 0.6443 0.5623
0.6007 0.7157 0.6012 0.6479 0.7157 0.6190 0.5818 0.7677 0.6012 0.7116 0.6252 0.6109 0.7403 0.6712 0.5340 0.7052 0.6657 1.0000 0.6895 0.6213
0.6243 0.6927 0.5898 0.7548 0.6927 0.6256 0.6376 0.6918 0.5898 0.6633 0.6323 0.6470 0.7029 0.6384 0.5617 0.6759 0.6443 0.6895 1.0000 0.6551
0.7342 0.7336 0.6052 0.6262 0.7336 0.6832 0.6556 0.6416 0.6052 0.6339 0.6644 0.5142 0.6316 0.6812 0.5326 0.6918 0.5623 0.6213 0.6551 1.0000
