1.0000	0.7167	0.6446	0.6965	0.6960	0.6764	0.6601	0.9396	0.6279	0.7168	0.6999	0.7166	0.6376	0.6404	0.9778	0.6390	0.6602	0.6011	0.7605	0.5688
0.7167	1.0000	0.8182	0.8454	0.8454	0.6726	0.7402	0.7285	0.7613	0.9988	0.8445	0.9986	0.7435	0.8122	0.7101	0.7749	0.7404	0.7098	0.6976	0.6866
0.6446	0.8182	1.0000	0.7603	0.7608	0.6737	0.7467	0.6605	0.8447	0.8181	0.7551	0.8185	0.8153	0.9369	0.6379	0.7752	0.7468	0.7162	0.7524	0.7192
0.6965	0.8454	0.7603	1.0000	0.9969	0.6545	0.7164	0.7071	0.8171	0.8454	0.9844	0.8456	0.6999	0.7555	0.6905	0.8347	0.7166	0.7543	0.6747	0.7087
0.6960	0.8454	0.7608	0.9969	1.0000	0.6547	0.7167	0.7068	0.8178	0.8454	0.9825	0.8456	0.7002	0.7561	0.6899	0.8354	0.7169	0.7546	0.6750	0.7089
0.6764	0.6726	0.6737	0.6545	0.6547	1.0000	0.7940	0.6956	0.6564	0.6725	0.6516	0.6728	0.6576	0.6688	0.6682	0.6584	0.7943	0.6132	0.7185	0.5848
0.6601	0.7402	0.7467	0.7164	0.7167	0.7940	1.0000	0.6765	0.7236	0.7402	0.7127	0.7404	0.6840	0.7403	0.6530	0.7249	0.9947	0.6703	0.7004	0.6374
0.9396	0.7285	0.6605	0.7071	0.7068	0.6956	0.6765	1.0000	0.6431	0.7285	0.7088	0.7284	0.6491	0.6565	0.9191	0.6535	0.6767	0.6108	0.7858	0.5773
0.6279	0.7613	0.8447	0.8171	0.8178	0.6564	0.7236	0.6431	1.0000	0.7612	0.8102	0.7617	0.7587	0.8324	0.6216	0.8369	0.7237	0.7627	0.7256	0.7446
0.7168	0.9988	0.8181	0.8454	0.8454	0.6725	0.7402	0.7285	0.7612	1.0000	0.8445	0.9987	0.7434	0.8121	0.7102	0.7748	0.7403	0.7097	0.6975	0.6865
0.6999	0.8445	0.7551	0.9844	0.9825	0.6516	0.7127	0.7088	0.8102	0.8445	1.0000	0.8446	0.6962	0.7499	0.6943	0.8266	0.7129	0.7505	0.6714	0.7051
0.7166	0.9986	0.8185	0.8456	0.8456	0.6728	0.7404	0.7284	0.7617	0.9987	0.8446	1.0000	0.7436	0.8126	0.7100	0.7753	0.7406	0.7100	0.6978	0.6868
0.6376	0.7435	0.8153	0.6999	0.7002	0.6576	0.6840	0.6491	0.7587	0.7434	0.6962	0.7436	1.0000	0.8177	0.6330	0.7182	0.6842	0.6788	0.7325	0.6897
0.6404	0.8122	0.9369	0.7555	0.7561	0.6688	0.7403	0.6565	0.8324	0.8121	0.7499	0.8126	0.8177	1.0000	0.6337	0.7929	0.7402	0.7151	0.7410	0.7158
0.9778	0.7101	0.6379	0.6905	0.6899	0.6682	0.6530	0.9191	0.6216	0.7102	0.6943	0.7100	0.6330	0.6337	1.0000	0.6326	0.6531	0.5967	0.7504	0.5652
0.6390	0.7749	0.7752	0.8347	0.8354	0.6584	0.7249	0.6535	0.8369	0.7748	0.8266	0.7753	0.7182	0.7929	0.6326	1.0000	0.7249	0.8058	0.6787	0.7282
0.6602	0.7404	0.7468	0.7166	0.7169	0.7943	0.9947	0.6767	0.7237	0.7403	0.7129	0.7406	0.6842	0.7402	0.6531	0.7249	1.0000	0.6702	0.7005	0.6374
0.6011	0.7098	0.7162	0.7543	0.7546	0.6132	0.6703	0.6108	0.7627	0.7097	0.7505	0.7100	0.6788	0.7151	0.5967	0.8058	0.6702	1.0000	0.6437	0.7522
0.7605	0.6976	0.7524	0.6747	0.6750	0.7185	0.7004	0.7858	0.7256	0.6975	0.6714	0.6978	0.7325	0.7410	0.7504	0.6787	0.7005	0.6437	1.0000	0.6298
0.5688	0.6866	0.7192	0.7087	0.7089	0.5848	0.6374	0.5773	0.7446	0.6865	0.7051	0.6868	0.6897	0.7158	0.5652	0.7282	0.6374	0.7522	0.6298	1.0000
