1.0000	0.4229	0.4442	0.4442	0.4442	0.4306	0.3886	0.4341	0.4404	0.3811	0.3731	0.3913	0.4102	0.4163	0.4172	0.3797	0.4258	0.3949	0.4071	0.4442
0.4229	1.0000	0.4511	0.4511	0.4511	0.4449	0.4280	0.4107	0.4399	0.4428	0.4340	0.4309	0.4220	0.4254	0.4458	0.3989	0.4261	0.4400	0.4187	0.4511
0.4442	0.4511	1.0000	1.0000	1.0000	0.4411	0.4252	0.4441	0.4351	0.3915	0.3891	0.4137	0.4265	0.4539	0.4120	0.3850	0.4428	0.4328	0.4203	1.0000
0.4442	0.4511	1.0000	1.0000	1.0000	0.4411	0.4252	0.4441	0.4351	0.3915	0.3891	0.4137	0.4265	0.4539	0.4120	0.3850	0.4428	0.4328	0.4203	1.0000
0.4442	0.4511	1.0000	1.0000	1.0000	0.4411	0.4252	0.4441	0.4351	0.3915	0.3891	0.4137	0.4265	0.4539	0.4120	0.3850	0.4428	0.4328	0.4203	1.0000
0.4306	0.4449	0.4411	0.4411	0.4411	1.0000	0.4973	0.4464	0.4075	0.4225	0.4512	0.4682	0.3984	0.4670	0.4098	0.4341	0.4401	0.4076	0.4542	0.4411
0.3886	0.4280	0.4252	0.4252	0.4252	0.4973	1.0000	0.4012	0.3888	0.4220	0.4341	0.4365	0.4172	0.4163	0.4150	0.4178	0.4569	0.3980	0.4162	0.4252
0.4341	0.4107	0.4441	0.4441	0.4441	0.4464	0.4012	1.0000	0.4079	0.4158	0.4174	0.4406	0.4102	0.4178	0.4383	0.3815	0.4502	0.4444	0.4397	0.4441
0.4404	0.4399	0.4351	0.4351	0.4351	0.4075	0.3888	0.4079	1.0000	0.4247	0.3770	0.3875	0.4411	0.4194	0.4159	0.3568	0.4130	0.4129	0.4199	0.4351
0.3811	0.4428	0.3915	0.3915	0.3915	0.4225	0.4220	0.4158	0.4247	1.0000	0.4379	0.4705	0.4054	0.3974	0.4663	0.4143	0.4045	0.4102	0.3999	0.3915
0.3731	0.4340	0.3891	0.3891	0.3891	0.4512	0.4341	0.4174	0.3770	0.4379	1.0000	0.4558	0.4021	0.4102	0.4108	0.4294	0.4384	0.4068	0.4310	0.3891
0.3913	0.4309	0.4137	0.4137	0.4137	0.4682	0.4365	0.4406	0.3875	0.4705	0.4558	1.0000	0.4002	0.4205	0.4426	0.4208	0.4168	0.3931	0.4318	0.4137
0.4102	0.4220	0.4265	0.4265	0.4265	0.3984	0.4172	0.4102	0.4411	0.4054	0.4021	0.4002	1.0000	0.4011	0.4304	0.3624	0.4063	0.4080	0.4002	0.4265
0.4163	0.4254	0.4539	0.4539	0.4539	0.4670	0.4163	0.4178	0.4194	0.3974	0.4102	0.4205	0.4011	1.0000	0.3975	0.4229	0.4322	0.4198	0.4393	0.4539
0.4172	0.4458	0.4120	0.4120	0.4120	0.4098	0.4150	0.4383	0.4159	0.4663	0.4108	0.4426	0.4304	0.3975	1.0000	0.4053	0.4475	0.4253	0.3836	0.4120
0.3797	0.3989	0.3850	0.3850	0.3850	0.4341	0.4178	0.3815	0.3568	0.4143	0.4294	0.4208	0.3624	0.4229	0.4053	1.0000	0.4172	0.3635	0.4075	0.3850
0.4258	0.4261	0.4428	0.4428	0.4428	0.4401	0.4569	0.4502	0.4130	0.4045	0.4384	0.4168	0.4063	0.4322	0.4475	0.4172	1.0000	0.4301	0.4232	0.4428
0.3949	0.4400	0.4328	0.4328	0.4328	0.4076	0.3980	0.4444	0.4129	0.4102	0.4068	0.3931	0.4080	0.4198	0.4253	0.3635	0.4301	1.0000	0.3869	0.4328
0.4071	0.4187	0.4203	0.4203	0.4203	0.4542	0.4162	0.4397	0.4199	0.3999	0.4310	0.4318	0.4002	0.4393	0.3836	0.4075	0.4232	0.3869	1.0000	0.4203
0.4442	0.4511	1.0000	1.0000	1.0000	0.4411	0.4252	0.4441	0.4351	0.3915	0.3891	0.4137	0.4265	0.4539	0.4120	0.3850	0.4428	0.4328	0.4203	1.0000
