1:	0.7157 0.0164 0.1299 0.0854 0.0501 0.0026 	30
2:	0.7609 0.0026 0.0437 0.1486 0.0390 0.0052 	30
3:	0.5014 0.0001 0.0051 0.4526 0.0388 0.0020 	30
4:	0.3654 0.0074 0.0424 0.4313 0.1433 0.0101 	22
5:	0.3575 0.0001 0.0106 0.6050 0.0215 0.0052 	30
6:	0.5299 0.0186 0.1655 0.1708 0.1029 0.0122 	30
7:	0.3003 0.0097 0.0381 0.5671 0.0749 0.0099 	30
8:	0.5089 0.0022 0.0224 0.4458 0.0156 0.0050 	30
9:	0.0194 0.0166 0.4431 0.0042 0.0109 0.5058 	28
10:	0.0072 0.0176 0.0871 0.0208 0.0066 0.8607 	27
11:	0.0000 0.0855 0.7363 0.0007 0.0021 0.1754 	25
12:	0.0000 0.7241 0.2492 0.0057 0.0015 0.0196 	28
13:	0.0000 0.7836 0.0799 0.0006 0.0118 0.1241 	24
14:	0.0004 0.1078 0.5866 0.0000 0.0000 0.3051 	27
15:	0.0051 0.6790 0.2979 0.0011 0.0009 0.0160 	29
16:	0.8543 0.0010 0.0448 0.0767 0.0202 0.0030 	30
17:	0.7096 0.0055 0.0810 0.1184 0.0653 0.0202 	30
18:	0.1590 0.0008 0.0262 0.2088 0.6037 0.0014 	29
19:	0.8261 0.0014 0.0359 0.0945 0.0378 0.0044 	30
