1:	0.1472 0.0025 0.0040 0.0184 0.0332 0.0002 0.1799 0.0004 0.3584 0.0290 0.0041 0.0239 0.0037 0.0347 0.1604 	30
2:	0.2996 0.0001 0.0006 0.0532 0.0015 0.0013 0.2608 0.0005 0.1228 0.0627 0.0002 0.1066 0.0014 0.0185 0.0702 	30
3:	0.4042 0.0000 0.0007 0.2104 0.0143 0.0000 0.1738 0.0000 0.0015 0.0354 0.0000 0.0592 0.0000 0.0911 0.0092 	30
4:	0.1420 0.0012 0.0004 0.1885 0.0122 0.0000 0.1326 0.0019 0.0379 0.2281 0.0002 0.0780 0.0031 0.1683 0.0055 	22
5:	0.2214 0.0000 0.0012 0.4137 0.0019 0.0000 0.2000 0.0001 0.0211 0.0345 0.0001 0.0541 0.0015 0.0452 0.0054 	30
6:	0.0681 0.0013 0.0059 0.0495 0.0129 0.0007 0.1773 0.0006 0.4318 0.1390 0.0057 0.0296 0.0077 0.0582 0.0117 	30
7:	0.1721 0.0004 0.0048 0.4028 0.0079 0.0009 0.0673 0.0009 0.1171 0.1081 0.0000 0.0135 0.0062 0.0512 0.0467 	30
8:	0.2971 0.0000 0.0012 0.1743 0.0101 0.0012 0.2503 0.0002 0.0104 0.0025 0.0000 0.0474 0.0005 0.1828 0.0222 	30
9:	0.0000 0.0042 0.4464 0.0045 0.0129 0.4867 0.0104 0.0069 0.0000 0.0000 0.0198 0.0000 0.0073 0.0009 0.0000 	28
10:	0.0000 0.0035 0.0690 0.0181 0.0080 0.8273 0.0066 0.0150 0.0050 0.0017 0.0189 0.0002 0.0196 0.0059 0.0012 	27
11:	0.0013 0.0175 0.1255 0.0000 0.0023 0.1360 0.0000 0.0051 0.0000 0.0000 0.0856 0.0014 0.6206 0.0008 0.0040 	25
12:	0.0000 0.7172 0.0010 0.0003 0.0000 0.0026 0.0000 0.0087 0.0000 0.0000 0.0124 0.0000 0.2574 0.0003 0.0000 	28
13:	0.0000 0.0106 0.0270 0.0000 0.0014 0.0105 0.0000 0.0230 0.0008 0.0000 0.8619 0.0000 0.0629 0.0005 0.0013 	24
14:	0.0000 0.0186 0.4440 0.0000 0.0004 0.2425 0.0000 0.0155 0.0000 0.0000 0.1301 0.0000 0.1481 0.0007 0.0002 	27
15:	0.0000 0.0069 0.0115 0.0000 0.0010 0.0094 0.0031 0.6844 0.0008 0.0000 0.0381 0.0000 0.2441 0.0006 0.0000 	29
16:	0.2016 0.0007 0.0050 0.0197 0.0026 0.0000 0.1925 0.0002 0.0113 0.0345 0.0000 0.0781 0.0056 0.0242 0.4241 	30
17:	0.1284 0.0040 0.0037 0.0560 0.0150 0.0014 0.1490 0.0003 0.0805 0.0833 0.0023 0.0533 0.0120 0.0186 0.3923 	30
18:	0.0495 0.0000 0.0020 0.0845 0.4970 0.0000 0.0177 0.0000 0.0000 0.1274 0.0001 0.2088 0.0000 0.0048 0.0080 	29
19:	0.1607 0.0012 0.0021 0.0193 0.0135 0.0000 0.3166 0.0002 0.0067 0.0376 0.0004 0.1076 0.0028 0.0412 0.2901 	30
